 MASS/MSUN=  7.500, X= 0.740, Y= 0.240
 NTRY 15,N=201,NFOUT=106,NFIN= 96, QFIT= 0.709
 GUESSES: Pc= 4.819D+16, Tc= 2.881D+07
          R= 2.187D+11, L/LSUN= 2.346D+03
  ****ITERATION NUMBER =    1
 MISMATCH AT FITTING POINT
   4.015167D-02   1.055547D-01   9.319192D-03  -1.365242D-02
 Pc, Tc, R, L,  FOR ITRY =    1
   3.841387D+01   1.717625D+01   2.611088D+01   8.509319D+01
 RAW CORRECTIONS FOR ITRY =    1
   4.901243D-03   6.009580D-03   3.804678D-03   5.501065D-03
 APPLIED CORRECTIONS FOR ITRY =   1
   4.901243D-03   6.009580D-03   3.804678D-03   5.501065D-03
 GUESSES FOR NEXT ITERATION
   3.841877D+01   1.718226D+01   2.611468D+01   8.509869D+01
  ****ITERATION NUMBER =    2
 MISMATCH AT FITTING POINT
   1.155635D-02   1.583345D-01   2.446398D-02  -1.165606D-01
 Pc, Tc, R, L,  FOR ITRY =    2
   3.841877D+01   1.718226D+01   2.611468D+01   8.509869D+01
 RAW CORRECTIONS FOR ITRY =    2
  -1.997034D-01  -3.081949D-02  -1.053231D-01  -5.023782D-01
 APPLIED CORRECTIONS FOR ITRY =   2
  -3.975161D-02  -6.134718D-03  -2.096490D-02  -1.000000D-01
 GUESSES FOR NEXT ITERATION
   3.837902D+01   1.717612D+01   2.609372D+01   8.499869D+01
  ****ITERATION NUMBER =    3
 MISMATCH AT FITTING POINT
  -8.732003D-02  -1.526031D-01  -5.666517D-03  -9.354870D-02
 Pc, Tc, R, L,  FOR ITRY =    3
   3.837902D+01   1.717612D+01   2.609372D+01   8.499869D+01
 RAW CORRECTIONS FOR ITRY =    3
   2.461960D-02   1.121878D-03   1.927113D-02   1.221117D-01
 APPLIED CORRECTIONS FOR ITRY =   3
   2.016153D-02   9.187306D-04   1.578156D-02   1.000000D-01
 GUESSES FOR NEXT ITERATION
   3.839918D+01   1.717704D+01   2.610950D+01   8.509869D+01
  ****ITERATION NUMBER =    4
 MISMATCH AT FITTING POINT
  -1.088926D-02  -4.151118D-03  -1.213252D-04  -1.697759D-02
 Pc, Tc, R, L,  FOR ITRY =    4
   3.839918D+01   1.717704D+01   2.610950D+01   8.509869D+01
 RAW CORRECTIONS FOR ITRY =    4
   3.362196D-03  -8.973568D-04   1.517069D-03   2.255646D-03
 APPLIED CORRECTIONS FOR ITRY =   4
   3.362196D-03  -8.973568D-04   1.517069D-03   2.255646D-03
 GUESSES FOR NEXT ITERATION
   3.840254D+01   1.717614D+01   2.611102D+01   8.510095D+01
                    *****FINAL MODEL*****
 Pc: 4.7644D+16, Tc: 2.8807D+07, R: 2.1871D+11, L: 9.0965D+36
 Teff:  2.2730D+04, LOG(Teff): 4.3566, LOG(L/LSUN): 3.3738
           1-Mr/M       LOG(r)   LOG(P)  LOG(T) LOG(RHO) LOG(L)
    2    9.98776351D-01  9.85681 16.6689  7.4562  1.0632 35.5977
    3    9.97511452D-01  9.96084 16.6633  7.4542  1.0597 35.8686
    4    9.96203968D-01 10.02276 16.6584  7.4524  1.0567 36.0283
    5    9.94852527D-01 10.06749 16.6540  7.4508  1.0540 36.1412
    6    9.93455716D-01 10.10283 16.6498  7.4492  1.0514 36.2282
    7    9.92012082D-01 10.13223 16.6457  7.4477  1.0488 36.2987
    8    9.90520130D-01 10.15753 16.6417  7.4463  1.0464 36.3579
    9    9.88978322D-01 10.17985 16.6378  7.4448  1.0440 36.4087
   10    9.87385079D-01 10.19989 16.6339  7.4434  1.0416 36.4531
   11    9.85738775D-01 10.21813 16.6300  7.4420  1.0392 36.4924
   12    9.84037742D-01 10.23493 16.6262  7.4406  1.0368 36.5276
   13    9.82280263D-01 10.25053 16.6223  7.4392  1.0344 36.5593
   14    9.80464578D-01 10.26513 16.6185  7.4378  1.0320 36.5882
   15    9.78588878D-01 10.27888 16.6146  7.4363  1.0296 36.6147
   16    9.76651308D-01 10.29191 16.6107  7.4349  1.0272 36.6389
   17    9.74649963D-01 10.30430 16.6067  7.4335  1.0248 36.6613
   18    9.72582890D-01 10.31614 16.6027  7.4320  1.0223 36.6821
   19    9.70448085D-01 10.32749 16.5987  7.4305  1.0198 36.7013
   20    9.68243497D-01 10.33841 16.5946  7.4290  1.0173 36.7192
   21    9.65967023D-01 10.34893 16.5905  7.4275  1.0148 36.7359
   22    9.63616508D-01 10.35912 16.5863  7.4259  1.0122 36.7515
   23    9.61189749D-01 10.36898 16.5820  7.4244  1.0095 36.7661
   24    9.58684489D-01 10.37857 16.5777  7.4228  1.0069 36.7797
   25    9.56098421D-01 10.38789 16.5733  7.4212  1.0041 36.7925
   26    9.53429187D-01 10.39698 16.5688  7.4195  1.0014 36.8045
   27    9.50674378D-01 10.40585 16.5642  7.4178  0.9986 36.8157
   28    9.47831532D-01 10.41453 16.5596  7.4161  0.9957 36.8263
   29    9.44898139D-01 10.42302 16.5549  7.4144  0.9928 36.8361
   30    9.41871637D-01 10.43134 16.5501  7.4126  0.9898 36.8454
   31    9.38749416D-01 10.43951 16.5452  7.4108  0.9868 36.8541
   32    9.35528817D-01 10.44753 16.5401  7.4090  0.9837 36.8623
   33    9.32207132D-01 10.45542 16.5350  7.4071  0.9806 36.8699
   34    9.28781608D-01 10.46319 16.5298  7.4051  0.9774 36.8771
   35    9.25249446D-01 10.47083 16.5245  7.4032  0.9741 36.8838
   36    9.21607804D-01 10.47837 16.5191  7.4012  0.9707 36.8900
   37    9.17853798D-01 10.48581 16.5135  7.3991  0.9673 36.8959
   38    9.13984505D-01 10.49315 16.5078  7.3970  0.9638 36.9013
   39    9.09996963D-01 10.50041 16.5020  7.3949  0.9602 36.9064
   40    9.05888177D-01 10.50758 16.4961  7.3927  0.9566 36.9111
   41    9.01655120D-01 10.51467 16.4900  7.3904  0.9529 36.9155
   42    8.97294735D-01 10.52169 16.4839  7.3882  0.9491 36.9195
   43    8.92803943D-01 10.52864 16.4775  7.3858  0.9452 36.9233
   44    8.88179641D-01 10.53552 16.4710  7.3834  0.9412 36.9268
   45    8.83418710D-01 10.54235 16.4644  7.3809  0.9371 36.9300
   46    8.78518021D-01 10.54911 16.4576  7.3784  0.9329 36.9329
   47    8.73474436D-01 10.55582 16.4506  7.3758  0.9286 36.9356
   48    8.68284816D-01 10.56248 16.4435  7.3732  0.9242 36.9381
   49    8.62946029D-01 10.56909 16.4362  7.3705  0.9198 36.9403
   50    8.57454952D-01 10.57566 16.4287  7.3677  0.9152 36.9424
   51    8.51808480D-01 10.58218 16.4211  7.3649  0.9105 36.9442
   52    8.46003537D-01 10.58867 16.4133  7.3619  0.9056 36.9459
   53    8.40037078D-01 10.59511 16.4052  7.3589  0.9007 36.9475
   54    8.33906103D-01 10.60152 16.3970  7.3559  0.8957 36.9488
   55    8.27607663D-01 10.60789 16.3885  7.3527  0.8905 36.9501
   56    8.21138872D-01 10.61423 16.3799  7.3495  0.8852 36.9512
   57    8.14496915D-01 10.62054 16.3710  7.3462  0.8797 36.9522
   58    8.07679063D-01 10.62682 16.3619  7.3428  0.8741 36.9530
   59    8.00682681D-01 10.63307 16.3526  7.3393  0.8684 36.9538
   60    7.93505243D-01 10.63929 16.3430  7.3357  0.8625 36.9545
   61    7.86144345D-01 10.64549 16.3332  7.3320  0.8565 36.9551
   62    7.78597716D-01 10.65167 16.3231  7.3283  0.8503 36.9556
   63    7.70863240D-01 10.65783 16.3128  7.3244  0.8440 36.9561
   64    7.62938961D-01 10.66396 16.3022  7.3204  0.8375 36.9565
   65    7.54823108D-01 10.67008 16.2913  7.3163  0.8308 36.9568
   66    7.46514107D-01 10.67617 16.2801  7.3121  0.8240 36.9571
   67    7.38010602D-01 10.68225 16.2687  7.3078  0.8170 36.9573
   68    7.29311467D-01 10.68831 16.2569  7.3034  0.8097 36.9576
   69    7.20415834D-01 10.69435 16.2448  7.2988  0.8023 36.9577
   70    7.11323102D-01 10.70038 16.2323  7.2942  0.7947 36.9579
   71    7.02032967D-01 10.70640 16.2196  7.2894  0.7869 36.9580
   72    6.92545434D-01 10.71240 16.2065  7.2846  0.7787 36.9582
   73    6.82860844D-01 10.71840 16.1930  7.2797  0.7702 36.9582
   74    6.72979893D-01 10.72438 16.1791  7.2747  0.7615 36.9583
   75    6.62903653D-01 10.73036 16.1649  7.2697  0.7524 36.9584
   76    6.52633598D-01 10.73633 16.1503  7.2646  0.7430 36.9585
   77    6.42171620D-01 10.74230 16.1353  7.2594  0.7333 36.9585
   78    6.31520056D-01 10.74826 16.1198  7.2541  0.7232 36.9586
   79    6.20681711D-01 10.75422 16.1039  7.2488  0.7127 36.9586
   80    6.09659875D-01 10.76019 16.0876  7.2433  0.7019 36.9586
   81    5.98458349D-01 10.76615 16.0708  7.2378  0.6907 36.9586
   82    5.87081464D-01 10.77212 16.0535  7.2322  0.6792 36.9587
   83    5.75534102D-01 10.77810 16.0357  7.2265  0.6672 36.9587
   84    5.63821717D-01 10.78408 16.0175  7.2207  0.6548 36.9587
   85    5.51950351D-01 10.79006 15.9987  7.2148  0.6420 36.9587
   86    5.39926651D-01 10.79606 15.9794  7.2088  0.6287 36.9587
   87    5.27757887D-01 10.80206 15.9595  7.2026  0.6150 36.9588
   88    5.15451964D-01 10.80807 15.9390  7.1964  0.6009 36.9588
   89    5.03017433D-01 10.81410 15.9180  7.1901  0.5862 36.9588
   90    4.90463500D-01 10.82014 15.8964  7.1836  0.5711 36.9588
   91    4.77800036D-01 10.82619 15.8741  7.1770  0.5554 36.9588
   92    4.65037575D-01 10.83226 15.8512  7.1703  0.5393 36.9588
   93    4.52187318D-01 10.83835 15.8277  7.1635  0.5226 36.9588
   94    4.39261127D-01 10.84445 15.8035  7.1566  0.5053 36.9588
   95    4.26271522D-01 10.85057 15.7786  7.1495  0.4875 36.9588
   96    4.13231663D-01 10.85672 15.7529  7.1423  0.4691 36.9588
   97    4.00155341D-01 10.86288 15.7266  7.1349  0.4501 36.9588
   98    3.87056950D-01 10.86906 15.6994  7.1274  0.4305 36.9588
   99    3.73951467D-01 10.87527 15.6715  7.1197  0.4102 36.9588
  100    3.60854417D-01 10.88150 15.6428  7.1119  0.3893 36.9589
  101    3.47781837D-01 10.88775 15.6133  7.1040  0.3678 36.9589
  102    3.34750234D-01 10.89403 15.5830  7.0959  0.3455 36.9589
  103    3.21776535D-01 10.90033 15.5518  7.0876  0.3226 36.9589
  104    3.08878034D-01 10.90667 15.5197  7.0792  0.2989 36.9589
  105    2.96072330D-01 10.91303 15.4867  7.0706  0.2744 36.9589
  106    2.83377260D-01 10.91941 15.4527  7.0618  0.2492 36.9589
  107    2.70810826D-01 10.92575 15.4173  7.0513  0.2244 36.9589
  108    2.58391119D-01 10.93218 15.3814  7.0420  0.1978 36.9589
  109    2.46136233D-01 10.93864 15.3445  7.0325  0.1703 36.9589
  110    2.34064173D-01 10.94513 15.3065  7.0227  0.1420 36.9589
  111    2.22192767D-01 10.95165 15.2674  7.0128  0.1128 36.9589
  112    2.10539562D-01 10.95820 15.2272  7.0027  0.0827 36.9589
  113    1.99121725D-01 10.96477 15.1860  6.9923  0.0518 36.9589
  114    1.87955938D-01 10.97138 15.1435  6.9817  0.0199 36.9589
  115    1.77058289D-01 10.97802 15.0999  6.9708 -0.0129 36.9589
  116    1.66444168D-01 10.98468 15.0551  6.9597 -0.0467 36.9589
  117    1.56128157D-01 10.99138 15.0091  6.9484 -0.0814 36.9589
  118    1.46123924D-01 10.99810 14.9618  6.9368 -0.1172 36.9589
  119    1.36444120D-01 11.00485 14.9132  6.9250 -0.1540 36.9589
  120    1.27100276D-01 11.01162 14.8633  6.9128 -0.1919 36.9589
  121    1.18102713D-01 11.01842 14.8121  6.9004 -0.2308 36.9589
  122    1.09460447D-01 11.02525 14.7595  6.8877 -0.2708 36.9589
  123    1.01181118D-01 11.03209 14.7054  6.8748 -0.3120 36.9589
  124    9.32709080D-02 11.03896 14.6500  6.8615 -0.3543 36.9589
  125    8.57344907D-02 11.04585 14.5930  6.8479 -0.3977 36.9589
  126    7.85749780D-02 11.05276 14.5346  6.8340 -0.4424 36.9589
  127    7.17938872D-02 11.05967 14.4746  6.8198 -0.4883 36.9589
  128    6.53911207D-02 11.06661 14.4130  6.8053 -0.5354 36.9589
  129    5.93649612D-02 11.07355 14.3499  6.7904 -0.5838 36.9589
  130    5.37120831D-02 11.08050 14.2851  6.7752 -0.6335 36.9589
  131    4.84275799D-02 11.08745 14.2187  6.7597 -0.6845 36.9589
  132    4.35050091D-02 11.09440 14.1505  6.7438 -0.7368 36.9589
  133    3.89364533D-02 11.10135 14.0806  6.7275 -0.7906 36.9589
  134    3.47125976D-02 11.10829 14.0089  6.7108 -0.8457 36.9589
  135    3.08228231D-02 11.11522 13.9354  6.6938 -0.9023 36.9589
  136    2.72553145D-02 11.12213 13.8601  6.6763 -0.9604 36.9589
  137    2.39971818D-02 11.12903 13.7828  6.6585 -1.0199 36.9589
  138    2.10345924D-02 11.13589 13.7036  6.6402 -1.0810 36.9589
  139    1.83529146D-02 11.14273 13.6225  6.6216 -1.1436 36.9589
  140    1.59368679D-02 11.14952 13.5393  6.6024 -1.2079 36.9589
  141    1.37706781D-02 11.15628 13.4540  6.5829 -1.2737 36.9589
  142    1.18382366D-02 11.16299 13.3666  6.5629 -1.3413 36.9589
  143    1.01232581D-02 11.16964 13.2770  6.5424 -1.4106 36.9589
  144    8.60943738D-03 11.17624 13.1852  6.5214 -1.4816 36.9589
  145    7.28059946D-03 11.18276 13.0911  6.5000 -1.5544 36.9589
  146    6.12084300D-03 11.18922 12.9947  6.4780 -1.6291 36.9589
  147    5.11467313D-03 11.19559 12.8958  6.4555 -1.7057 36.9589
  148    4.24712224D-03 11.20189 12.7945  6.4325 -1.7842 36.9589
  149    3.50385664D-03 11.20808 12.6906  6.4089 -1.8647 36.9589
  150    2.87126780D-03 11.21418 12.5841  6.3848 -1.9473 36.9589
  151    2.33654705D-03 11.22018 12.4749  6.3600 -2.0321 36.9589
  152    1.88774309D-03 11.22606 12.3629  6.3347 -2.1190 36.9589
  153    1.51380223D-03 11.23183 12.2481  6.3087 -2.2082 36.9589
  154    1.20459155D-03 11.23747 12.1303  6.2821 -2.2997 36.9589
  155    9.50905713D-04 11.24299 12.0094  6.2549 -2.3936 36.9589
  156    7.44458544D-04 11.24837 11.8854  6.2269 -2.4900 36.9589
  157    5.77860737D-04 11.25361 11.7581  6.1982 -2.5890 36.9589
  158    4.44585454D-04 11.25870 11.6274  6.1688 -2.6906 36.9589
  159    3.38923696D-04 11.26365 11.4933  6.1387 -2.7950 36.9589
  160    2.55931506D-04 11.26844 11.3555  6.1077 -2.9022 36.9589
  161    1.91371092D-04 11.27307 11.2140  6.0759 -3.0124 36.9589
  162    1.41647938D-04 11.27754 11.0686  6.0433 -3.1257 36.9589
  163    1.03745882D-04 11.28185 10.9191  6.0098 -3.2422 36.9589
  164    7.51619602D-05 11.28599 10.7655  5.9754 -3.3620 36.9589
  165    5.38426321D-05 11.28996 10.6075  5.9400 -3.4852 36.9589
  166    3.81227265D-05 11.29376 10.4451  5.9037 -3.6119 36.9589
  167    2.66681962D-05 11.29739 10.2779  5.8663 -3.7424 36.9589
  168    1.84234801D-05 11.30084 10.1059  5.8279 -3.8768 36.9589
  169    1.25640000D-05 11.30412  9.9288  5.7884 -4.0152 36.9589
  170    8.45406646D-06 11.30723  9.7465  5.7478 -4.1579 36.9589
  171    5.61023698D-06 11.31017  9.5587  5.7061 -4.3049 36.9589
  172    3.66998086D-06 11.31295  9.3652  5.6632 -4.4567 36.9589
  173    2.36534930D-06 11.31556  9.1657  5.6192 -4.6134 36.9589
  174    1.50123911D-06 11.31801  8.9601  5.5742 -4.7754 36.9589
  175    9.37764666D-07 11.32031  8.7481  5.5283 -4.9432 36.9589
  176    5.76216116D-07 11.32245  8.5294  5.4815 -5.1171 36.9589
  177    3.48076049D-07 11.32446  8.3037  5.4340 -5.2978 36.9589
  178    2.06586047D-07 11.32634  8.0708  5.3856 -5.4854 36.9589
  179    1.20392039D-07 11.32809  7.8303  5.3360 -5.6799 36.9589
  180    6.88473051D-08 11.32972  7.5820  5.2840 -5.8800 36.9589
  181    3.86083499D-08 11.33123  7.3254  5.2277 -6.0834 36.9589
  182    2.12169685D-08 11.33260  7.0602  5.1645 -6.2869 36.9589
  183    1.14178805D-08 11.33382  6.7856  5.0944 -6.4906 36.9589
  184    6.01269579D-09 11.33489  6.5005  5.0211 -6.7015 36.9589
  185    3.09602821D-09 11.33584  6.2029  4.9488 -6.9277 36.9589
  186    1.76108472D-09 11.33655  5.9456  4.8906 -7.1297 36.9589
  187    1.09020770D-09 11.33711  5.7210  4.8422 -7.3096 36.9589
  188    7.25235316D-10 11.33755  5.5225  4.7998 -7.4694 36.9589
  189    5.12865084D-10 11.33792  5.3447  4.7607 -7.6109 36.9589
  190    3.82031073D-10 11.33822  5.1832  4.7227 -7.7353 36.9589
  191    2.97426750D-10 11.33848  5.0340  4.6839 -7.8437 36.9589
  192    2.40419129D-10 11.33870  4.8941  4.6435 -7.9371 36.9589
  193    2.00641059D-10 11.33889  4.7606  4.6020 -8.0197 36.9589
  194    1.72049153D-10 11.33905  4.6307  4.5614 -8.1009 36.9589
  195    1.50973678D-10 11.33920  4.5020  4.5227 -8.1866 36.9589
  196    1.35102041D-10 11.33933  4.3716  4.4863 -8.2786 36.9589
  197    1.22930222D-10 11.33946  4.2359  4.4518 -8.3794 36.9589
  198    1.13450360D-10 11.33959  4.0901  4.4186 -8.4935 36.9589
  199    1.05969566D-10 11.33972  3.9260  4.3865 -8.6295 36.9589
  200    9.99998973D-11 11.33987  3.7282  4.3566 -8.8074 36.9589
 ***************************************
    LOG(EPS) LOG(OP) LOG(Lc)   Lc/Ltot  DEL     DELAD       DELRAD
   2  4.2780 -0.4387 35.5179  0.8322 0.36503 0.36503        2.1756
   3  4.2420 -0.4384 35.7815  0.8183 0.36520 0.36520        2.0096
   4  4.2109 -0.4381 35.9363  0.8091 0.36535 0.36535        1.9138
   5  4.1821 -0.4379 36.0450  0.8014 0.36548 0.36548        1.8402
   6  4.1548 -0.4376 36.1282  0.7943 0.36561 0.36561        1.7775
   7  4.1284 -0.4374 36.1950  0.7876 0.36573 0.36573        1.7215
   8  4.1026 -0.4371 36.2505  0.7810 0.36585 0.36585        1.6703
   9  4.0772 -0.4369 36.2977  0.7744 0.36597 0.36597        1.6225
  10  4.0520 -0.4367 36.3384  0.7679 0.36608 0.36608        1.5775
  11  4.0269 -0.4364 36.3740  0.7614 0.36620 0.36620        1.5348
  12  4.0018 -0.4362 36.4054  0.7548 0.36631 0.36631        1.4939
  13  3.9767 -0.4359 36.4333  0.7481 0.36643 0.36643        1.4547
  14  3.9515 -0.4357 36.4582  0.7413 0.36654 0.36654        1.4169
  15  3.9261 -0.4354 36.4806  0.7344 0.36666 0.36666        1.3804
  16  3.9004 -0.4352 36.5006  0.7273 0.36677 0.36677        1.3450
  17  3.8746 -0.4349 36.5187  0.7201 0.36689 0.36689        1.3107
  18  3.8484 -0.4347 36.5350  0.7127 0.36700 0.36700        1.2774
  19  3.8219 -0.4344 36.5496  0.7051 0.36712 0.36712        1.2449
  20  3.7950 -0.4342 36.5626  0.6973 0.36724 0.36724        1.2134
  21  3.7677 -0.4339 36.5743  0.6894 0.36736 0.36736        1.1826
  22  3.7400 -0.4336 36.5847  0.6812 0.36749 0.36749        1.1526
  23  3.7118 -0.4333 36.5939  0.6727 0.36761 0.36761        1.1233
  24  3.6832 -0.4330 36.6019  0.6641 0.36774 0.36774        1.0947
  25  3.6541 -0.4327 36.6089  0.6552 0.36786 0.36786        1.0668
  26  3.6244 -0.4324 36.6147  0.6460 0.36799 0.36799        1.0396
  27  3.5941 -0.4321 36.6196  0.6366 0.36813 0.36813        1.0130
  28  3.5633 -0.4318 36.6235  0.6269 0.36826 0.36826        0.9870
  29  3.5318 -0.4314 36.6264  0.6169 0.36839 0.36839        0.9617
  30  3.4997 -0.4311 36.6284  0.6067 0.36853 0.36853        0.9370
  31  3.4669 -0.4308 36.6295  0.5961 0.36867 0.36867        0.9128
  32  3.4334 -0.4304 36.6296  0.5852 0.36882 0.36882        0.8892
  33  3.3992 -0.4300 36.6289  0.5741 0.36896 0.36896        0.8662
  34  3.3642 -0.4296 36.6273  0.5626 0.36911 0.36911        0.8438
  35  3.3285 -0.4292 36.6247  0.5508 0.36926 0.36926        0.8220
  36  3.2919 -0.4288 36.6213  0.5386 0.36941 0.36941        0.8007
  37  3.2545 -0.4284 36.6170  0.5261 0.36957 0.36957        0.7799
  38  3.2162 -0.4280 36.6117  0.5133 0.36973 0.36973        0.7597
  39  3.1771 -0.4275 36.6055  0.5002 0.36989 0.36989        0.7401
  40  3.1369 -0.4271 36.5984  0.4867 0.37006 0.37006        0.7209
  41  3.0959 -0.4266 36.5902  0.4729 0.37023 0.37023        0.7024
  42  3.0538 -0.4261 36.5811  0.4587 0.37040 0.37040        0.6843
  43  3.0107 -0.4256 36.5709  0.4442 0.37057 0.37057        0.6668
  44  2.9665 -0.4251 36.5596  0.4294 0.37075 0.37075        0.6498
  45  2.9213 -0.4245 36.5473  0.4143 0.37094 0.37094        0.6333
  46  2.8749 -0.4240 36.5337  0.3988 0.37112 0.37112        0.6173
  47  2.8273 -0.4234 36.5189  0.3831 0.37131 0.37131        0.6019
  48  2.7785 -0.4228 36.5028  0.3670 0.37150 0.37150        0.5869
  49  2.7285 -0.4222 36.4853  0.3507 0.37170 0.37170        0.5725
  50  2.6772 -0.4215 36.4663  0.3342 0.37190 0.37190        0.5585
  51  2.6246 -0.4208 36.4458  0.3173 0.37211 0.37211        0.5451
  52  2.5707 -0.4201 36.4235  0.3003 0.37232 0.37232        0.5321
  53  2.5153 -0.4194 36.3994  0.2831 0.37253 0.37253        0.5196
  54  2.4586 -0.4186 36.3732  0.2657 0.37275 0.37275        0.5076
  55  2.4003 -0.4178 36.3447  0.2481 0.37297 0.37297        0.4961
  56  2.3406 -0.4170 36.3138  0.2305 0.37320 0.37320        0.4850
  57  2.2794 -0.4162 36.2800  0.2127 0.37343 0.37343        0.4743
  58  2.2166 -0.4153 36.2430  0.1950 0.37366 0.37366        0.4642
  59  2.1523 -0.4144 36.2023  0.1772 0.37390 0.37390        0.4544
  60  2.0863 -0.4134 36.1572  0.1595 0.37415 0.37415        0.4451
  61  2.0188 -0.4124 36.1070  0.1419 0.37440 0.37440        0.4363
  62  1.9496 -0.4113 36.0503  0.1244 0.37465 0.37465        0.4279
  63  1.8789 -0.4102 35.9857  0.1071 0.37491 0.37491        0.4199
  64  1.8065 -0.4091 35.9107  0.0900 0.37518 0.37518        0.4123
  65  1.7326 -0.4079 35.8215  0.0732 0.37545 0.37545        0.4051
  66  1.6572 -0.4066 35.7115  0.0568 0.37572 0.37572        0.3984
  67  1.5804 -0.4053 35.5680  0.0408 0.37600 0.37600        0.3920
  68  1.5023 -0.4039 35.3601  0.0253 0.37629 0.37629        0.3860
  69  1.4229 -0.4025 34.9692  0.0103 0.37658 0.37658        0.3805
  70  1.3426 -0.4010  0.0000  0.0000 0.37531 0.37687        0.3753
  71  1.2622 -0.3994  0.0000  0.0000 0.37033 0.37716        0.3703
  72  1.1822 -0.3978  0.0000  0.0000 0.36548 0.37745        0.3655
  73  1.1027 -0.3962  0.0000  0.0000 0.36074 0.37772        0.3607
  74  1.0241 -0.3946  0.0000  0.0000 0.35613 0.37799        0.3561
  75  0.9465 -0.3929  0.0000  0.0000 0.35164 0.37826        0.3516
  76  0.8704 -0.3912  0.0000  0.0000 0.34727 0.37851        0.3473
  77  0.7958 -0.3894  0.0000  0.0000 0.34301 0.37876        0.3430
  78  0.7232 -0.3876  0.0000  0.0000 0.33886 0.37900        0.3389
  79  0.6526 -0.3858  0.0000  0.0000 0.33482 0.37924        0.3348
  80  0.5843 -0.3839  0.0000  0.0000 0.33089 0.37947        0.3309
  81  0.5185 -0.3820  0.0000  0.0000 0.32706 0.37969        0.3271
  82  0.4550 -0.3801  0.0000  0.0000 0.32334 0.37990        0.3233
  83  0.3940 -0.3781  0.0000  0.0000 0.31971 0.38011        0.3197
  84  0.3352 -0.3761  0.0000  0.0000 0.31619 0.38031        0.3162
  85  0.2787 -0.3740  0.0000  0.0000 0.31275 0.38050        0.3128
  86  0.2241 -0.3719  0.0000  0.0000 0.30941 0.38069        0.3094
  87  0.1712 -0.3698  0.0000  0.0000 0.30616 0.38087        0.3062
  88  0.1198 -0.3676  0.0000  0.0000 0.30300 0.38104        0.3030
  89  0.0695 -0.3654  0.0000  0.0000 0.29991 0.38121        0.2999
  90  0.0200 -0.3631  0.0000  0.0000 0.29691 0.38137        0.2969
  91 -0.0289 -0.3608  0.0000  0.0000 0.29399 0.38152        0.2940
  92 -0.0775 -0.3584  0.0000  0.0000 0.29114 0.38167        0.2911
  93 -0.1262 -0.3560  0.0000  0.0000 0.28837 0.38181        0.2884
  94 -0.1750 -0.3536  0.0000  0.0000 0.28567 0.38194        0.2857
  95 -0.2243 -0.3511  0.0000  0.0000 0.28303 0.38207        0.2830
  96 -0.2742 -0.3486  0.0000  0.0000 0.28046 0.38219        0.2805
  97 -0.3249 -0.3460  0.0000  0.0000 0.27794 0.38230        0.2779
  98 -0.3765 -0.3434  0.0000  0.0000 0.27549 0.38240        0.2755
  99 -0.4292 -0.3407  0.0000  0.0000 0.27308 0.38250        0.2731
 100 -0.4832 -0.3380  0.0000  0.0000 0.27073 0.38259        0.2707
 101 -0.5384 -0.3352  0.0000  0.0000 0.26842 0.38267        0.2684
 102 -0.5951 -0.3324  0.0000  0.0000 0.26615 0.38274        0.2661
 103 -0.6532 -0.3296  0.0000  0.0000 0.26391 0.38280        0.2639
 104 -0.7130 -0.3267  0.0000  0.0000 0.26170 0.38286        0.2617
 105 -0.7744 -0.3238  0.0000  0.0000 0.25951 0.38290        0.2595
 106 -0.8375 -0.3208  0.0000  0.0000 0.25733 0.38294        0.2573
 107 -0.9080 -0.3159  0.0000  0.0000 0.25976 0.38318        0.2598
 108 -0.9755 -0.3126  0.0000  0.0000 0.25811 0.38322        0.2581
 109 -1.0451 -0.3093  0.0000  0.0000 0.25652 0.38325        0.2565
 110 -1.1167 -0.3059  0.0000  0.0000 0.25498 0.38328        0.2550
 111 -1.1905 -0.3024  0.0000  0.0000 0.25350 0.38330        0.2535
 112 -1.2666 -0.2988  0.0000  0.0000 0.25208 0.38331        0.2521
 113 -1.3450 -0.2952  0.0000  0.0000 0.25071 0.38332        0.2507
 114 -1.4258 -0.2914  0.0000  0.0000 0.24939 0.38331        0.2494
 115 -1.5092 -0.2877  0.0000  0.0000 0.24812 0.38330        0.2481
 116 -1.5951 -0.2838  0.0000  0.0000 0.24690 0.38328        0.2469
 117 -1.6837 -0.2798  0.0000  0.0000 0.24573 0.38326        0.2457
 118 -1.7751 -0.2758  0.0000  0.0000 0.24460 0.38322        0.2446
 119 -1.8694 -0.2716  0.0000  0.0000 0.24353 0.38317        0.2435
 120 -1.9667 -0.2674  0.0000  0.0000 0.24250 0.38312        0.2425
 121 -2.0670 -0.2631  0.0000  0.0000 0.24151 0.38306        0.2415
 122 -2.1705 -0.2587  0.0000  0.0000 0.24056 0.38299        0.2406
 123 -2.2773 -0.2542  0.0000  0.0000 0.23966 0.38291        0.2397
 124 -2.3876 -0.2495  0.0000  0.0000 0.23880 0.38282        0.2388
 125 -2.5014 -0.2448  0.0000  0.0000 0.23798 0.38272        0.2380
 126 -2.6188 -0.2399  0.0000  0.0000 0.23719 0.38261        0.2372
 127 -2.7400 -0.2349  0.0000  0.0000 0.23644 0.38249        0.2364
 128 -2.8652 -0.2298  0.0000  0.0000 0.23573 0.38237        0.2357
 129 -2.9945 -0.2246  0.0000  0.0000 0.23506 0.38223        0.2351
 130 -3.1280 -0.2192  0.0000  0.0000 0.23441 0.38208        0.2344
 131 -3.2659 -0.2137  0.0000  0.0000 0.23380 0.38191        0.2338
 132 -3.4083 -0.2081  0.0000  0.0000 0.23322 0.38174        0.2332
 133 -3.5555 -0.2023  0.0000  0.0000 0.23267 0.38156        0.2327
 134 -3.7076 -0.1963  0.0000  0.0000 0.23215 0.38136        0.2322
 135 -3.8649 -0.1901  0.0000  0.0000 0.23166 0.38115        0.2317
 136 -4.0274 -0.1838  0.0000  0.0000 0.23119 0.38093        0.2312
 137 -4.1955 -0.1773  0.0000  0.0000 0.23074 0.38069        0.2307
 138 -4.3694 -0.1706  0.0000  0.0000 0.23032 0.38044        0.2303
 139 -4.5492 -0.1637  0.0000  0.0000 0.22992 0.38018        0.2299
 140 -4.7353 -0.1566  0.0000  0.0000 0.22954 0.37990        0.2295
 141 -4.9280 -0.1493  0.0000  0.0000 0.22918 0.37960        0.2292
 142 -5.1275 -0.1418  0.0000  0.0000 0.22884 0.37929        0.2288
 143 -5.3341 -0.1340  0.0000  0.0000 0.22852 0.37896        0.2285
 144 -5.5482 -0.1260  0.0000  0.0000 0.22821 0.37861        0.2282
 145 -5.7701 -0.1177  0.0000  0.0000 0.22791 0.37825        0.2279
 146 -6.0002 -0.1092  0.0000  0.0000 0.22763 0.37786        0.2276
 147 -6.2388 -0.1004  0.0000  0.0000 0.22736 0.37746        0.2274
 148 -6.4865 -0.0912  0.0000  0.0000 0.22710 0.37703        0.2271
 149 -6.7437 -0.0818  0.0000  0.0000 0.22685 0.37658        0.2268
 150 -7.0108 -0.0721  0.0000  0.0000 0.22661 0.37610        0.2266
 151 -7.2884 -0.0620  0.0000  0.0000 0.22638 0.37560        0.2264
 152 -7.5771 -0.0516  0.0000  0.0000 0.22615 0.37508        0.2262
 153 -7.8775 -0.0409  0.0000  0.0000 0.22594 0.37452        0.2259
 154 -8.1902 -0.0298  0.0000  0.0000 0.22573 0.37394        0.2257
 155 -8.5160 -0.0183  0.0000  0.0000 0.22552 0.37332        0.2255
 156 -8.8556 -0.0064  0.0000  0.0000 0.22533 0.37267        0.2253
 157 -9.2098  0.0060  0.0000  0.0000 0.22513 0.37198        0.2251
 158 -9.5796  0.0187  0.0000  0.0000 0.22495 0.37125        0.2249
 159 -9.9660  0.0319  0.0000  0.0000 0.22477 0.37048        0.2248
 160-10.3699  0.0455  0.0000  0.0000 0.22459 0.36967        0.2246
 161-20.0000  0.0597  0.0000  0.0000 0.22442 0.36881        0.2244
 162-20.0000  0.0743  0.0000  0.0000 0.22426 0.36790        0.2243
 163-20.0000  0.0894  0.0000  0.0000 0.22409 0.36694        0.2241
 164-20.0000  0.1051  0.0000  0.0000 0.22393 0.36592        0.2239
 165-20.0000  0.1213  0.0000  0.0000 0.22377 0.36484        0.2238
 166-20.0000  0.1381  0.0000  0.0000 0.22360 0.36370        0.2236
 167-20.0000  0.1555  0.0000  0.0000 0.22341 0.36248        0.2234
 168-20.0000  0.1734  0.0000  0.0000 0.22319 0.36119        0.2232
 169-20.0000  0.1919  0.0000  0.0000 0.22290 0.35981        0.2229
 170-20.0000  0.2110  0.0000  0.0000 0.22250 0.35833        0.2225
 171-20.0000  0.2308  0.0000  0.0000 0.22192 0.35674        0.2219
 172-20.0000  0.2511  0.0000  0.0000 0.22107 0.35502        0.2211
 173-20.0000  0.2722  0.0000  0.0000 0.21980 0.35313        0.2198
 174-20.0000  0.2941  0.0000  0.0000 0.21796 0.35101        0.2180
 175-20.0000  0.3173  0.0000  0.0000 0.21544 0.34861        0.2154
 176-20.0000  0.3425  0.0000  0.0000 0.21229 0.34583        0.2123
 177-20.0000  0.3711  0.0000  0.0000 0.20893 0.34260        0.2089
 178-20.0000  0.4055  0.0000  0.0000 0.20644 0.33888        0.2064
 179-20.0000  0.4483  0.0000  0.0000 0.20681 0.33479        0.2068
 180-20.0000  0.5015  0.0000  0.0000 0.21300 0.33075        0.2130
 181-20.0000  0.5618  0.0000  0.0000 0.22782 0.32756        0.2278
 182-20.0000  0.6118  0.0000  0.0000 0.24831 0.32626        0.2483
 183-20.0000  0.6252  0.0000  0.0000 0.25962 0.32687        0.2596
 184-20.0000  0.6039  0.0000  0.0000 0.25191 0.32767        0.2519
 185-20.0000  0.5793  0.0000  0.0000 0.23346 0.32668        0.2335
 186-20.0000  0.5769  0.0000  0.0000 0.21931 0.32381        0.2193
 187-20.0000  0.5954  0.0000  0.0000 0.21317 0.31991        0.2132
 188-20.0000  0.6288  0.0000  0.0000 0.21536 0.31541        0.2154
 189-20.0000  0.6716  0.0000  0.0000 0.22627 0.30977        0.2263
 190-20.0000  0.7183  0.0000  0.0000 0.24652 0.30020        0.2465
 191-20.0000  0.7592  0.0000  0.0000 0.27464 0.27906        0.2746
 192-20.0000  0.7790 25.8318  0.0000 0.30220 0.24242        0.3022
 193-20.0000  0.7647 25.7683  0.0000 0.31491 0.22599        0.3149
 194-20.0000  0.7232 24.3330  0.0000 0.30868 0.26033        0.3087
 195-20.0000  0.6711  0.0000  0.0000 0.29062 0.30249        0.2906
 196-20.0000  0.6196  0.0000  0.0000 0.26731 0.32168        0.2673
 197-20.0000  0.5735  0.0000  0.0000 0.24173 0.32694        0.2417
 198-20.0000  0.5317  0.0000  0.0000 0.21306 0.32648        0.2131
 199-20.0000  0.4862  0.0000  0.0000 0.17667 0.32227        0.1767
 200-20.0000  0.4139  0.0000  0.0000 0.12498 0.31307        0.1250
