    2    9.98776351e-01  9.19185 16.8476  6.9531  1.8354 30.2705
    3    9.97511452e-01  9.29605 16.8416  6.9509  1.8316 30.5632
    4    9.96203968e-01  9.35807 16.8363  6.9489  1.8282 30.7368
    5    9.94852527e-01  9.40289 16.8314  6.9472  1.8251 30.8611
    6    9.93455716e-01  9.43830 16.8268  6.9455  1.8221 30.9582
    7    9.92012082e-01  9.46777 16.8224  6.9439  1.8192 31.0381
    8    9.90520130e-01  9.49315 16.8180  6.9423  1.8164 31.1061
    9    9.88978322e-01  9.51554 16.8138  6.9408  1.8136 31.1655
   10    9.87385079e-01  9.53564 16.8095  6.9393  1.8109 31.2181
   11    9.85738775e-01  9.55396 16.8053  6.9378  1.8081 31.2655
   12    9.84037742e-01  9.57082 16.8011  6.9363  1.8054 31.3086
   13    9.82280263e-01  9.58649 16.7969  6.9348  1.8026 31.3482
   14    9.80464578e-01  9.60117 16.7927  6.9333  1.7999 31.3848
   15    9.78588878e-01  9.61500 16.7885  6.9318  1.7971 31.4189
   16    9.76651308e-01  9.62809 16.7842  6.9303  1.7943 31.4508
   17    9.74649963e-01  9.64056 16.7799  6.9288  1.7914 31.4807
   18    9.72582890e-01  9.65248 16.7755  6.9272  1.7885 31.5090
   19    9.70448085e-01  9.66391 16.7711  6.9257  1.7856 31.5358
   20    9.68243497e-01  9.67490 16.7667  6.9241  1.7827 31.5611
   21    9.65967023e-01  9.68552 16.7622  6.9226  1.7797 31.5853
   22    9.63616508e-01  9.69578 16.7576  6.9210  1.7766 31.6084
   23    9.61189749e-01  9.70574 16.7529  6.9193  1.7735 31.6304
   24    9.58684489e-01  9.71541 16.7482  6.9177  1.7704 31.6515
   25    9.56098421e-01  9.72483 16.7434  6.9160  1.7672 31.6718
   26    9.53429187e-01  9.73401 16.7385  6.9144  1.7639 31.6912
   27    9.50674378e-01  9.74298 16.7335  6.9127  1.7605 31.7099
   28    9.47831532e-01  9.75175 16.7284  6.9109  1.7571 31.7279
   29    9.44898139e-01  9.76035 16.7233  6.9092  1.7537 31.7452
   30    9.41871637e-01  9.76877 16.7180  6.9074  1.7501 31.7619
   31    9.38749416e-01  9.77705 16.7126  6.9055  1.7465 31.7781
   32    9.35528817e-01  9.78518 16.7071  6.9037  1.7428 31.7937
   33    9.32207132e-01  9.79319 16.7016  6.9018  1.7390 31.8087
   34    9.28781608e-01  9.80107 16.6959  6.8999  1.7352 31.8233
   35    9.25249446e-01  9.80884 16.6900  6.8979  1.7312 31.8373
   36    9.21607804e-01  9.81650 16.6841  6.8959  1.7272 31.8510
   37    9.17853798e-01  9.82407 16.6780  6.8939  1.7230 31.8641
   38    9.13984505e-01  9.83155 16.6718  6.8918  1.7188 31.8769
   39    9.09996963e-01  9.83894 16.6655  6.8897  1.7144 31.8892
   40    9.05888177e-01  9.84625 16.6590  6.8876  1.7100 31.9012
   41    9.01655120e-01  9.85349 16.6524  6.8854  1.7054 31.9127
   42    8.97294735e-01  9.86066 16.6456  6.8832  1.7008 31.9239
   43    8.92803943e-01  9.86777 16.6387  6.8809  1.6960 31.9347
   44    8.88179641e-01  9.87482 16.6316  6.8786  1.6911 31.9452
   45    8.83418710e-01  9.88181 16.6243  6.8763  1.6861 31.9553
   46    8.78518021e-01  9.88875 16.6169  6.8739  1.6809 31.9651
   47    8.73474436e-01  9.89564 16.6093  6.8714  1.6756 31.9746
   48    8.68284816e-01  9.90248 16.6015  6.8689  1.6702 31.9837
   49    8.62946029e-01  9.90929 16.5936  6.8664  1.6646 31.9926
   50    8.57454952e-01  9.91605 16.5854  6.8638  1.6589 32.0011
   51    8.51808480e-01  9.92278 16.5770  6.8611  1.6530 32.0093
   52    8.46003537e-01  9.92948 16.5685  6.8584  1.6470 32.0173
   53    8.40037078e-01  9.93614 16.5597  6.8556  1.6409 32.0249
   54    8.33906103e-01  9.94278 16.5507  6.8528  1.6345 32.0323
   55    8.27607663e-01  9.94938 16.5416  6.8500  1.6280 32.0394
   56    8.21138872e-01  9.95597 16.5321  6.8470  1.6213 32.0462
   57    8.14496915e-01  9.96253 16.5225  6.8440  1.6144 32.0527
   58    8.07679063e-01  9.96907 16.5126  6.8410  1.6074 32.0590
   59    8.00682681e-01  9.97560 16.5024  6.8379  1.6001 32.0650
   60    7.93505243e-01  9.98211 16.4920  6.8347  1.5927 32.0708
   61    7.86144345e-01  9.98861 16.4814  6.8315  1.5849 32.0764
   62    7.78597716e-01  9.99509 16.4704  6.8282  1.5771 32.0817
   63    7.70863240e-01 10.00156 16.4592  6.8249  1.5690 32.0867
   64    7.62938961e-01 10.00802 16.4477  6.8214  1.5607 32.0915
   65    7.54823108e-01 10.01447 16.4360  6.8179  1.5521 32.0961
   66    7.46514107e-01 10.02091 16.4239  6.8143  1.5433 32.1004
   67    7.38010602e-01 10.02735 16.4115  6.8107  1.5343 32.1046
   68    7.29311467e-01 10.03378 16.3988  6.8069  1.5250 32.1085
   69    7.20415834e-01 10.04022 16.3858  6.8031  1.5155 32.1122
   70    7.11323102e-01 10.04665 16.3724  6.7992  1.5057 32.1157
   71    7.02032967e-01 10.05307 16.3587  6.7952  1.4956 32.1190
   72    6.92545434e-01 10.05950 16.3446  6.7912  1.4853 32.1221
   73    6.82860844e-01 10.06594 16.3302  6.7870  1.4746 32.1250
   74    6.72979893e-01 10.07237 16.3154  6.7828  1.4637 32.1278
   75    6.62903653e-01 10.07881 16.3003  6.7785  1.4525 32.1304
   76    6.52633598e-01 10.08526 16.2847  6.7741  1.4409 32.1328
   77    6.42171620e-01 10.09171 16.2688  6.7696  1.4290 32.1350
   78    6.31520056e-01 10.09816 16.2524  6.7650  1.4168 32.1371
   79    6.20681711e-01 10.10463 16.2356  6.7603  1.4043 32.1390
   80    6.09659875e-01 10.11110 16.2184  6.7555  1.3915 32.1408
   81    5.98458349e-01 10.11759 16.2008  6.7507  1.3783 32.1424
   82    5.87081464e-01 10.12408 16.1827  6.7457  1.3647 32.1439
   83    5.75534102e-01 10.13058 16.1642  6.7406  1.3508 32.1453
   84    5.63821717e-01 10.13710 16.1452  6.7353  1.3365 32.1466
   85    5.51950351e-01 10.14362 16.1257  6.7300  1.3218 32.1477
   86    5.39926651e-01 10.15016 16.1057  6.7246  1.3068 32.1488
   87    5.27757887e-01 10.15671 16.0852  6.7190  1.2913 32.1497
   88    5.15451964e-01 10.16328 16.0643  6.7133  1.2755 32.1506
   89    5.03017433e-01 10.16985 16.0428  6.7074  1.2593 32.1514
   90    4.90463500e-01 10.17644 16.0208  6.7014  1.2427 32.1521
   91    4.77800036e-01 10.18304 15.9982  6.6953  1.2257 32.1527
   92    4.65037575e-01 10.18965 15.9751  6.6890  1.2084 32.1532
   93    4.52187318e-01 10.19627 15.9515  6.6825  1.1906 32.1537
   94    4.39261127e-01 10.20290 15.9273  6.6759  1.1725 32.1541
   95    4.26271522e-01 10.20954 15.9025  6.6690  1.1539 32.1545
   96    4.13231663e-01 10.21619 15.8771  6.6620  1.1350 32.1548
   97    4.00155341e-01 10.22284 15.8512  6.6547  1.1158 32.1551
   98    3.87056950e-01 10.22949 15.8246  6.6472  1.0962 32.1554
   99    3.73951467e-01 10.23615 15.7975  6.6393  1.0764 32.1556
  100    3.60854417e-01 10.24280 15.7697  6.6312  1.0562 32.1558
  101    3.47781837e-01 10.24944 15.7414  6.6227  1.0359 32.1559
  102    3.34750234e-01 10.25607 15.7124  6.6137  1.0154 32.1560
  103    3.21776535e-01 10.26268 15.6827  6.6042  0.9948 32.1561
  104    3.08878034e-01 10.26926 15.6525  6.5941  0.9744 32.1562
  105    2.96072330e-01 10.27581 15.6215  6.5832  0.9541 32.1563
  106    2.83377260e-01 10.28230 15.5899  6.5712  0.9344 32.1563
  107    2.70810826e-01 10.28874 15.5577  6.5584  0.9151 32.1564
  108    2.58391119e-01 10.29510 15.5247  6.5452  0.8953 32.1564
  109    2.46136233e-01 10.30139 15.4910  6.5318  0.8750 32.1564
  110    2.34064173e-01 10.30761 15.4565  6.5181  0.8543 32.1565
  111    2.22192767e-01 10.31376 15.4213  6.5041  0.8332 32.1565
  112    2.10539562e-01 10.31985 15.3853  6.4897  0.8116 32.1565
  113    1.99121725e-01 10.32586 15.3484  6.4751  0.7895 32.1565
  114    1.87955938e-01 10.33179 15.3107  6.4601  0.7669 32.1565
  115    1.77058289e-01 10.33766 15.2722  6.4447  0.7437 32.1565
  116    1.66444168e-01 10.34345 15.2328  6.4290  0.7201 32.1565
  117    1.56128157e-01 10.34916 15.1924  6.4130  0.6959 32.1565
  118    1.46123924e-01 10.35480 15.1511  6.3965  0.6711 32.1565
  119    1.36444120e-01 10.36036 15.1089  6.3797  0.6457 32.1565
  120    1.27100276e-01 10.36584 15.0656  6.3625  0.6198 32.1565
  121    1.18102713e-01 10.37124 15.0214  6.3450  0.5932 32.1565
  122    1.09460447e-01 10.37655 14.9761  6.3269  0.5660 32.1565
  123    1.01181118e-01 10.38179 14.9297  6.3085  0.5382 32.1565
  124    9.32709080e-02 10.38693 14.8821  6.2896  0.5096 32.1565
  125    8.57344907e-02 10.39199 14.8335  6.2703  0.4804 32.1565
  126    7.85749780e-02 10.39696 14.7836  6.2505  0.4505 32.1565
  127    7.17938872e-02 10.40184 14.7326  6.2303  0.4199 32.1565
  128    6.53911207e-02 10.40662 14.6803  6.2095  0.3885 32.1565
  129    5.93649612e-02 10.41131 14.6267  6.1883  0.3563 32.1565
  130    5.37120831e-02 10.41590 14.5718  6.1665  0.3233 32.1565
  131    4.84275799e-02 10.42039 14.5155  6.1443  0.2895 32.1565
  132    4.35050091e-02 10.42478 14.4578  6.1214  0.2549 32.1565
  133    3.89364533e-02 10.42907 14.3986  6.0981  0.2194 32.1565
  134    3.47125976e-02 10.43325 14.3380  6.0741  0.1830 32.1565
  135    3.08228231e-02 10.43732 14.2758  6.0496  0.1456 32.1565
  136    2.72553145e-02 10.44129 14.2120  6.0244  0.1073 32.1565
  137    2.39971818e-02 10.44514 14.1466  5.9986  0.0680 32.1565
  138    2.10345924e-02 10.44888 14.0795  5.9722  0.0277 32.1565
  139    1.83529146e-02 10.45251 14.0106  5.9452 -0.0137 32.1565
  140    1.59368679e-02 10.45602 13.9399  5.9174 -0.0562 32.1565
  141    1.37706781e-02 10.45941 13.8673  5.8890 -0.0999 32.1565
  142    1.18382366e-02 10.46269 13.7927  5.8598 -0.1447 32.1565
  143    1.01232581e-02 10.46585 13.7162  5.8300 -0.1908 32.1565
  144    8.60943738e-03 10.46888 13.6375  5.7993 -0.2382 32.1565
  145    7.28059946e-03 10.47180 13.5567  5.7680 -0.2868 32.1565
  146    6.12084300e-03 10.47460 13.4736  5.7358 -0.3369 32.1565
  147    5.11467313e-03 10.47727 13.3882  5.7029 -0.3885 32.1565
  148    4.24712224e-03 10.47983 13.3003  5.6691 -0.4415 32.1565
  149    3.50385664e-03 10.48227 13.2100  5.6345 -0.4961 32.1565
  150    2.87126780e-03 10.48458 13.1170  5.5991 -0.5524 32.1565
  151    2.33654705e-03 10.48678 13.0213  5.5629 -0.6104 32.1565
  152    1.88774309e-03 10.48886 12.9228  5.5258 -0.6702 32.1565
  153    1.51380223e-03 10.49083 12.8213  5.4879 -0.7320 32.1565
  154    1.20459155e-03 10.49269 12.7168  5.4492 -0.7957 32.1565
  155    9.50905713e-04 10.49443 12.6091  5.4095 -0.8616 32.1565
  156    7.44458544e-04 10.49607 12.4981  5.3690 -0.9296 32.1565
  157    5.77860737e-04 10.49760 12.3837  5.3277 -1.0000 32.1565
  158    4.44585454e-04 10.49903 12.2657  5.2854 -1.0727 32.1565
  159    3.38923696e-04 10.50036 12.1440  5.2421 -1.1479 32.1565
  160    2.55931506e-04 10.50160 12.0185  5.1980 -1.2257 32.1565
  161    1.91371092e-04 10.50274 11.8889  5.1529 -1.3063 32.1565
  162    1.41647938e-04 10.50380 11.7552  5.1069 -1.3896 32.1565
  163    1.03745882e-04 10.50477 11.6171  5.0602 -1.4761 32.1565
  164    7.51619602e-05 10.50566 11.4745  5.0129 -1.5658 32.1565
  165    5.38426321e-05 10.50648 11.3272  4.9653 -1.6593 32.1565
  166    3.81227265e-05 10.50723 11.1750  4.9176 -1.7567 32.1565
  167    2.66681962e-05 10.50790 11.0178  4.8700 -1.8585 32.1565
  168    1.84234801e-05 10.50852 10.8553  4.8227 -1.9652 32.1565
  169    1.25640000e-05 10.50909 10.6874  4.7758 -2.0770 32.1565
  170    8.45406646e-06 10.50960 10.5138  4.7293 -2.1942 32.1565
  171    5.61023698e-06 10.51006 10.3342  4.6833 -2.3170 32.1565
  172    3.66998086e-06 10.51049 10.1486  4.6377 -2.4458 32.1565
  173    2.36534930e-06 10.51087  9.9567  4.5925 -2.5808 32.1565
  174    1.50123911e-06 10.51122  9.7581  4.5476 -2.7222 32.1565
  175    9.37764666e-07 10.51153  9.5528  4.5032 -2.8704 32.1565
  176    5.76216116e-07 10.51182  9.3404  4.4592 -3.0258 32.1565
  177    3.48076049e-07 10.51208  9.1207  4.4154 -3.1885 32.1565
  178    2.06586047e-07 10.51232  8.8934  4.3718 -3.3589 32.1565
  179    1.20392039e-07 10.51253  8.6584  4.3280 -3.5370 32.1565
  180    6.88473050e-08 10.51273  8.4153  4.2836 -3.7228 32.1565
  181    3.86083497e-08 10.51290  8.1640  4.2380 -3.9160 32.1565
  182    2.12169685e-08 10.51306  7.9043  4.1898 -4.1159 32.1565
  183    1.14178806e-08 10.51320  7.6363  4.1371 -4.3207 32.1565
  184    6.01269590e-09 10.51333  7.3605  4.0758 -4.5266 32.1565
  185    3.09602821e-09 10.51344  7.0780  3.9986 -4.7263 32.1565
  186    1.76108472e-09 10.51351  6.8421  3.9177 -4.8793 32.1565
  187    1.09020770e-09 10.51357  6.6466  3.8413 -4.9980 32.1565
  188    7.25235316e-10 10.51360  6.4860  3.7755 -5.0927 32.1565
  189    5.12865084e-10 10.51363  6.3551  3.7210 -5.1691 32.1565
  190    3.82031073e-10 10.51365  6.2490  3.6767 -5.2309 32.1565
  191    2.97426861e-10 10.51366  6.1635  3.6413 -5.2810 32.1565
  192    2.40419129e-10 10.51367  6.0945  3.6161 -5.3248 32.1565
  193    2.00641059e-10 10.51368  6.0390  3.6011 -5.3653 32.1565
  194    1.72049264e-10 10.51368  5.9942  3.5913 -5.4002 32.1565
  195    1.50973567e-10 10.51369  5.9580  3.5844 -5.4296 32.1565
  196    1.35101930e-10 10.51369  5.9285  3.5795 -5.4541 32.1565
  197    1.22930111e-10 10.51369  5.9045  3.5758 -5.4745 32.1565
  198    1.13450360e-10 10.51370  5.8848  3.5730 -5.4913 32.1565
  199    1.05969677e-10 10.51370  5.8686  3.5708 -5.5053 32.1565
  200    1.00000008e-10 10.51370  5.8553  3.5691 -5.5170 32.1565
 