   2  0.2074  0.7123  0.0000  0.0000 0.37516 0.39900        0.3752
   3  0.1928  0.7169  0.0000  0.0000 0.36831 0.39900        0.3683
   4  0.1802  0.7207  0.0000  0.0000 0.36539 0.39900        0.3654
   5  0.1686  0.7243  0.0000  0.0000 0.36351 0.39900        0.3635
   6  0.1577  0.7276  0.0000  0.0000 0.36206 0.39900        0.3621
   7  0.1471  0.7308  0.0000  0.0000 0.36083 0.39899        0.3608
   8  0.1368  0.7339  0.0000  0.0000 0.35973 0.39899        0.3597
   9  0.1266  0.7369  0.0000  0.0000 0.35871 0.39899        0.3587
  10  0.1166  0.7399  0.0000  0.0000 0.35775 0.39899        0.3578
  11  0.1066  0.7429  0.0000  0.0000 0.35683 0.39899        0.3568
  12  0.0966  0.7458  0.0000  0.0000 0.35594 0.39899        0.3559
  13  0.0867  0.7487  0.0000  0.0000 0.35506 0.39899        0.3551
  14  0.0767  0.7517  0.0000  0.0000 0.35420 0.39898        0.3542
  15  0.0666  0.7546  0.0000  0.0000 0.35334 0.39898        0.3533
  16  0.0565  0.7575  0.0000  0.0000 0.35249 0.39898        0.3525
  17  0.0463  0.7605  0.0000  0.0000 0.35164 0.39898        0.3516
  18  0.0360  0.7635  0.0000  0.0000 0.35079 0.39898        0.3508
  19  0.0256  0.7664  0.0000  0.0000 0.34994 0.39898        0.3499
  20  0.0150  0.7695  0.0000  0.0000 0.34909 0.39897        0.3491
  21  0.0043  0.7725  0.0000  0.0000 0.34823 0.39897        0.3482
  22 -0.0065  0.7756  0.0000  0.0000 0.34736 0.39897        0.3474
  23 -0.0175  0.7787  0.0000  0.0000 0.34649 0.39897        0.3465
  24 -0.0287  0.7818  0.0000  0.0000 0.34560 0.39897        0.3456
  25 -0.0401  0.7850  0.0000  0.0000 0.34471 0.39896        0.3447
  26 -0.0516  0.7882  0.0000  0.0000 0.34381 0.39896        0.3438
  27 -0.0634  0.7915  0.0000  0.0000 0.34290 0.39896        0.3429
  28 -0.0753  0.7948  0.0000  0.0000 0.34198 0.39896        0.3420
  29 -0.0875  0.7981  0.0000  0.0000 0.34104 0.39896        0.3410
  30 -0.0999  0.8015  0.0000  0.0000 0.34010 0.39895        0.3401
  31 -0.1126  0.8049  0.0000  0.0000 0.33914 0.39895        0.3391
  32 -0.1255  0.8084  0.0000  0.0000 0.33817 0.39895        0.3382
  33 -0.1386  0.8119  0.0000  0.0000 0.33718 0.39895        0.3372
  34 -0.1521  0.8155  0.0000  0.0000 0.33618 0.39894        0.3362
  35 -0.1657  0.8192  0.0000  0.0000 0.33517 0.39894        0.3352
  36 -0.1797  0.8229  0.0000  0.0000 0.33414 0.39894        0.3341
  37 -0.1940  0.8266  0.0000  0.0000 0.33310 0.39894        0.3331
  38 -0.2086  0.8304  0.0000  0.0000 0.33204 0.39893        0.3320
  39 -0.2235  0.8343  0.0000  0.0000 0.33097 0.39893        0.3310
  40 -0.2387  0.8382  0.0000  0.0000 0.32988 0.39893        0.3299
  41 -0.2542  0.8422  0.0000  0.0000 0.32877 0.39893        0.3288
  42 -0.2701  0.8463  0.0000  0.0000 0.32765 0.39892        0.3277
  43 -0.2864  0.8504  0.0000  0.0000 0.32652 0.39892        0.3265
  44 -0.3030  0.8546  0.0000  0.0000 0.32537 0.39892        0.3254
  45 -0.3200  0.8588  0.0000  0.0000 0.32420 0.39892        0.3242
  46 -0.3374  0.8631  0.0000  0.0000 0.32302 0.39891        0.3230
  47 -0.3551  0.8675  0.0000  0.0000 0.32182 0.39891        0.3218
  48 -0.3733  0.8720  0.0000  0.0000 0.32061 0.39891        0.3206
  49 -0.3920  0.8765  0.0000  0.0000 0.31938 0.39890        0.3194
  50 -0.4110  0.8811  0.0000  0.0000 0.31813 0.39890        0.3181
  51 -0.4305  0.8857  0.0000  0.0000 0.31687 0.39890        0.3169
  52 -0.4505  0.8905  0.0000  0.0000 0.31560 0.39889        0.3156
  53 -0.4709  0.8953  0.0000  0.0000 0.31432 0.39889        0.3143
  54 -0.4919  0.9002  0.0000  0.0000 0.31302 0.39888        0.3130
  55 -0.5133  0.9051  0.0000  0.0000 0.31171 0.39888        0.3117
  56 -0.5353  0.9102  0.0000  0.0000 0.31038 0.39888        0.3104
  57 -0.5578  0.9153  0.0000  0.0000 0.30905 0.39887        0.3090
  58 -0.5808  0.9205  0.0000  0.0000 0.30770 0.39887        0.3077
  59 -0.6044  0.9257  0.0000  0.0000 0.30635 0.39886        0.3063
  60 -0.6286  0.9311  0.0000  0.0000 0.30499 0.39886        0.3050
  61 -0.6530  0.9361  0.0000  0.0000 0.30315 0.39886        0.3031
  62 -0.6783  0.9416  0.0000  0.0000 0.30175 0.39885        0.3017
  63 -0.7043  0.9472  0.0000  0.0000 0.30035 0.39885        0.3003
  64 -0.7310  0.9528  0.0000  0.0000 0.29894 0.39884        0.2989
  65 -0.7583  0.9585  0.0000  0.0000 0.29753 0.39884        0.2975
  66 -0.7863  0.9643  0.0000  0.0000 0.29612 0.39883        0.2961
  67 -0.8149  0.9702  0.0000  0.0000 0.29471 0.39883        0.2947
  68 -0.8444  0.9761  0.0000  0.0000 0.29330 0.39882        0.2933
  69 -0.8745  0.9822  0.0000  0.0000 0.29190 0.39882        0.2919
  70 -0.9054  0.9883  0.0000  0.0000 0.29050 0.39881        0.2905
  71 -0.9371  0.9945  0.0000  0.0000 0.28912 0.39881        0.2891
  72 -0.9696  1.0008  0.0000  0.0000 0.28775 0.39880        0.2878
  73 -1.0029  1.0071  0.0000  0.0000 0.28640 0.39880        0.2864
  74 -1.0371  1.0136  0.0000  0.0000 0.28507 0.39879        0.2851
  75 -1.0722  1.0201  0.0000  0.0000 0.28377 0.39878        0.2838
  76 -1.1081  1.0267  0.0000  0.0000 0.28249 0.39878        0.2825
  77 -1.1450  1.0335  0.0000  0.0000 0.28125 0.39877        0.2813
  78 -1.1828  1.0403  0.0000  0.0000 0.28005 0.39877        0.2801
  79 -1.2216  1.0471  0.0000  0.0000 0.27890 0.39876        0.2789
  80 -1.2614  1.0541  0.0000  0.0000 0.27780 0.39875        0.2778
  81 -1.3023  1.0612  0.0000  0.0000 0.27676 0.39875        0.2768
  82 -1.3442  1.0684  0.0000  0.0000 0.27578 0.39874        0.2758
  83 -1.3873  1.0757  0.0000  0.0000 0.27489 0.39873        0.2749
  84 -1.4314  1.0831  0.0000  0.0000 0.27409 0.39873        0.2741
  85 -1.4768  1.0907  0.0000  0.0000 0.27339 0.39872        0.2734
  86 -1.5234  1.0984  0.0000  0.0000 0.27281 0.39871        0.2728
  87 -1.5712  1.1062  0.0000  0.0000 0.27236 0.39871        0.2724
  88 -1.6203  1.1142  0.0000  0.0000 0.27206 0.39870        0.2721
  89 -1.6708  1.1223  0.0000  0.0000 0.27195 0.39869        0.2719
  90 -1.7227  1.1307  0.0000  0.0000 0.27203 0.39868        0.2720
  91 -1.7760  1.1392  0.0000  0.0000 0.27236 0.39868        0.2724
  92 -1.8309  1.1480  0.0000  0.0000 0.27296 0.39867        0.2730
  93 -1.8874  1.1571  0.0000  0.0000 0.27388 0.39866        0.2739
  94 -1.9456  1.1665  0.0000  0.0000 0.27519 0.39865        0.2752
  95 -2.0056  1.1763  0.0000  0.0000 0.27695 0.39864        0.2770
  96 -2.0674  1.1865  0.0000  0.0000 0.27926 0.39863        0.2793
  97 -2.1313  1.1972  0.0000  0.0000 0.28222 0.39862        0.2822
  98 -2.1974  1.2084  0.0000  0.0000 0.28599 0.39861        0.2860
  99 -2.2659  1.2204  0.0000  0.0000 0.29075 0.39860        0.2908
 100 -2.3369  1.2333  0.0000  0.0000 0.29677 0.39859        0.2968
 101 -2.4110  1.2472  0.0000  0.0000 0.30438 0.39857        0.3044
 102 -2.4883  1.2624  0.0000  0.0000 0.31406 0.39856        0.3141
 103 -2.5695  1.2793  0.0000  0.0000 0.32652 0.39854        0.3265
 104 -2.6552  1.2983  0.0000  0.0000 0.34276 0.39852        0.3428
 105 -2.7464  1.3200  0.0000  0.0000 0.36440 0.39849        0.3644
 106 -2.8447  1.3455  0.0000  0.0000 0.39407 0.39846        0.3941
 107 -2.9493  1.3741 31.0504  0.0783 0.39842 0.39842        0.4323
 108 -3.0573  1.4033 31.3674  0.1625 0.39838 0.39838        0.4757
 109 -3.1687  1.4333 31.5390  0.2413 0.39833 0.39833        0.5250
 110 -3.2835  1.4639 31.6545  0.3148 0.39828 0.39828        0.5812
 111 -3.4021  1.4952 31.7398  0.3831 0.39823 0.39823        0.6455
 112 -3.5245  1.5273 31.8062  0.4464 0.39817 0.39817        0.7192
 113 -3.6510  1.5600 31.8596  0.5048 0.39811 0.39811        0.8039
 114 -3.7816  1.5936 31.9036  0.5586 0.39805 0.39805        0.9017
 115 -3.9166  1.6279 31.9403  0.6078 0.39798 0.39798        1.0148
 116 -4.0563  1.6630 31.9713  0.6529 0.39791 0.39791        1.1462
 117 -4.2007  1.6989 31.9978  0.6938 0.39783 0.39783        1.2994
 118 -4.3501  1.7357 32.0204  0.7310 0.39775 0.39775        1.4784
 119 -4.5048  1.7733 32.0399  0.7645 0.39765 0.39765        1.6884
 120 -4.6650  1.8118 32.0567  0.7946 0.39756 0.39756        1.9358
 121 -4.8310  1.8512 32.0712  0.8216 0.39745 0.39745        2.2281
 122 -5.0030  1.8916 32.0837  0.8457 0.39734 0.39734        2.5750
 123 -5.1813  1.9329 32.0946  0.8671 0.39721 0.39721        2.9882
 124 -5.3662  1.9752 32.1039  0.8860 0.39708 0.39708        3.4822
 125 -5.5581  2.0185 32.1120  0.9026 0.39693 0.39693        4.0754
 126 -5.7574  2.0628 32.1190  0.9172 0.39678 0.39678        4.7906
 127 -5.9642  2.1082 32.1250  0.9299 0.39661 0.39661        5.6565
 128 -6.1792  2.1547 32.1301  0.9409 0.39642 0.39642        6.7094
 129 -6.4026  2.2022 32.1344  0.9504 0.39622 0.39622        7.9954
 130 -6.6350  2.2510 32.1382  0.9586 0.39600 0.39600        9.5733
 131 -6.8767  2.3009 32.1413  0.9656 0.39575 0.39575       11.5181
 132 -7.1284  2.3520 32.1440  0.9716 0.39549 0.39549       13.9267
 133 -7.3905  2.4043 32.1463  0.9766 0.39519 0.39519       16.9241
 134-20.0000  2.4579 32.1481  0.9809 0.39487 0.39487       20.6727
 135-20.0000  2.5129 32.1497  0.9845 0.39452 0.39452       25.3845
 136-20.0000  2.5691 32.1510  0.9874 0.39412 0.39412       31.3380
 137-20.0000  2.6268 32.1521  0.9899 0.39368 0.39368       38.9007
 138-20.0000  2.6859 32.1530  0.9919 0.39320 0.39320       48.5607
 139-20.0000  2.7466 32.1537  0.9936 0.39265 0.39265       60.9706
 140-20.0000  2.8088 32.1543  0.9949 0.39205 0.39205       77.0092
 141-20.0000  2.8727 32.1548  0.9960 0.39137 0.39137       97.8696
 142-20.0000  2.9384 32.1552  0.9969 0.39060 0.39060      125.1878
 143-20.0000  3.0062 32.1555  0.9976 0.38974 0.38974      161.2336
 144-20.0000  3.0761 32.1557  0.9981 0.38877 0.38877      209.2030
 145-20.0000  3.1487 32.1559  0.9986 0.38768 0.38768      273.6822
 146-20.0000  3.2244 32.1561  0.9989 0.38644 0.38644      361.4117
 147-20.0000  3.3040 32.1562  0.9992 0.38504 0.38504      482.6050
 148-20.0000  3.3888 32.1563  0.9994 0.38346 0.38346      653.3307
 149-20.0000  3.4803 32.1563  0.9996 0.38168 0.38168      900.0066
 150-20.0000  3.5809 32.1564  0.9997 0.37968 0.37968     1268.2226
 151-20.0000  3.6937 32.1564  0.9998 0.37746 0.37746     1840.6207
 152-20.0000  3.8223 32.1565  0.9999 0.37501 0.37501     2773.9795
 153-20.0000  3.9703 32.1565  0.9999 0.37233 0.37233     4377.0500
 154-20.0000  4.1405 32.1565  0.9999 0.36946 0.36946     7273.2717
 155-20.0000  4.3329 32.1565  1.0000 0.36642 0.36642    12730.2519
 156-20.0000  4.5439 32.1565  1.0000 0.36327 0.36327    23268.7073
 157-20.0000  4.7650 32.1565  1.0000 0.36007 0.36007    43535.4161
 158-20.0000  4.9815 32.1565  1.0000 0.35683 0.35683    80633.4686
 159-20.0000  5.1738 32.1565  1.0000 0.35352 0.35352   141243.6510
 160-20.0000  5.3222 32.1565  1.0000 0.35000 0.35000   223605.2020
 161-20.0000  5.4180 32.1565  1.0000 0.34602 0.34601   313352.0946
 162-20.0000  5.4688 32.1565  1.0000 0.34120 0.34120   395277.2236
 163-20.0000  5.4921 32.1565  1.0000 0.33519 0.33519   466603.0693
 164-20.0000  5.5058 32.1565  1.0000 0.32772 0.32771   535981.1144
 165-20.0000  5.5245 32.1565  1.0000 0.31871 0.31871   618065.2295
 166-20.0000  5.5592 32.1565  1.0000 0.30836 0.30835   731971.7476
 167-20.0000  5.6161 32.1565  1.0000 0.29703 0.29703   900668.0600
 168-20.0000  5.6934 32.1565  1.0000 0.28523 0.28522  1144326.5936
 169-20.0000  5.7790 32.1565  1.0000 0.27342 0.27340  1458219.7678
 170-20.0000  5.8510 32.1565  1.0000 0.26195 0.26194  1770122.3726
 171-20.0000  5.8813 32.1565  1.0000 0.25102 0.25100  1918345.2021
 172-20.0000  5.8479 32.1565  1.0000 0.24061 0.24058  1763485.9158
 173-20.0000  5.7498 32.1565  1.0000 0.23064 0.23060  1371487.1578
 174-20.0000  5.6073 32.1565  1.0000 0.22103 0.22097   945046.8526
 175-20.0000  5.4469 32.1565  1.0000 0.21181 0.21172   612995.1583
 176-20.0000  5.2897 32.1565  1.0000 0.20316 0.20304   392644.0414
 177-20.0000  5.1463 32.1565  1.0000 0.19537 0.19520   254674.2134
 178-20.0000  5.0161 32.1565  1.0000 0.18882 0.18856   167116.1223
 179-20.0000  4.8870 32.1565  1.0000 0.18398 0.18359   108130.8754
 180-20.0000  4.7370 32.1565  1.0000 0.18153 0.18095    65812.7216
 181-20.0000  4.5340 32.1565  1.0000 0.18263 0.18174    35209.1699
 182-20.0000  4.2370 32.1565  1.0000 0.18942 0.18802    15225.7208
 183-20.0000  3.8037 32.1565  1.0000 0.20627 0.20405     4922.9039
 184-20.0000  3.1960 32.1564  0.9998 0.24223 0.23866     1132.0729
 185-20.0000  2.3799 32.1558  0.9983 0.30951 0.30366      183.6690
 186-20.0000  1.5680 32.1518  0.9892 0.37366 0.36475       34.6546
 187-20.0000  0.8368 32.1348  0.9513 0.40393 0.39148        8.2935
 188-20.0000  0.2913 32.0918  0.8616 0.41403 0.39829        2.9912
 189-20.0000 -0.0785 32.0212  0.7322 0.41758 0.39939        1.5594
 190-20.0000 -0.4331 31.8436  0.4865 0.41697 0.39968        0.8120
 191-20.0000 -0.7399 31.1782  0.1051 0.40785 0.39983        0.4558
 192-20.0000 -0.9447  0.0000  0.0000 0.30610 0.39990        0.3061
 193-20.0000 -1.0561  0.0000  0.0000 0.23928 0.39993        0.2393
 194-20.0000 -1.1251  0.0000  0.0000 0.20161 0.39995        0.2016
 195-20.0000 -1.1722  0.0000  0.0000 0.17723 0.39996        0.1772
 196-20.0000 -1.2066  0.0000  0.0000 0.16015 0.39997        0.1602
 197-20.0000 -1.2328  0.0000  0.0000 0.14761 0.39997        0.1476
 198-20.0000 -1.2532  0.0000  0.0000 0.13812 0.39997        0.1381
 199-20.0000 -1.2695  0.0000  0.0000 0.13077 0.39997        0.1308
 200-20.0000 -1.2826  0.0000  0.0000 0.12498 0.39998        0.1250
