    2    9.98776351e-01 10.38379 16.2198  7.5852  0.3222 37.6354
    3    9.97511452e-01 10.48803 16.2139  7.5836  0.3182 37.9152
    4    9.96203968e-01 10.55008 16.2088  7.5822  0.3147 38.0805
    5    9.94852527e-01 10.59492 16.2041  7.5809  0.3115 38.1981
    6    9.93455716e-01 10.63035 16.1997  7.5797  0.3085 38.2892
    7    9.92012082e-01 10.65984 16.1954  7.5785  0.3056 38.3636
    8    9.90520130e-01 10.68523 16.1912  7.5774  0.3027 38.4263
    9    9.88978322e-01 10.70763 16.1871  7.5762  0.2999 38.4805
   10    9.87385079e-01 10.72774 16.1830  7.5751  0.2971 38.5283
   11    9.85738775e-01 10.74607 16.1790  7.5740  0.2944 38.5708
   12    9.84037742e-01 10.76294 16.1749  7.5729  0.2916 38.6092
   13    9.82280263e-01 10.77862 16.1709  7.5718  0.2889 38.6441
   14    9.80464578e-01 10.79330 16.1668  7.5707  0.2861 38.6761
   15    9.78588878e-01 10.80713 16.1627  7.5696  0.2833 38.7055
   16    9.76651308e-01 10.82023 16.1586  7.5685  0.2805 38.7328
   17    9.74649963e-01 10.83270 16.1545  7.5673  0.2777 38.7582
   18    9.72582890e-01 10.84462 16.1503  7.5662  0.2749 38.7819
   19    9.70448085e-01 10.85605 16.1461  7.5650  0.2720 38.8040
   20    9.68243497e-01 10.86705 16.1418  7.5639  0.2691 38.8249
   21    9.65967023e-01 10.87766 16.1375  7.5627  0.2661 38.8445
   22    9.63616508e-01 10.88792 16.1331  7.5615  0.2631 38.8629
   23    9.61189749e-01 10.89787 16.1286  7.5603  0.2601 38.8804
   24    9.58684489e-01 10.90754 16.1241  7.5590  0.2570 38.8969
   25    9.56098421e-01 10.91695 16.1195  7.5578  0.2539 38.9125
   26    9.53429187e-01 10.92613 16.1148  7.5565  0.2507 38.9273
   27    9.50674378e-01 10.93509 16.1100  7.5552  0.2474 38.9413
   28    9.47831532e-01 10.94385 16.1052  7.5539  0.2441 38.9547
   29    9.44898139e-01 10.95243 16.1002  7.5525  0.2408 38.9673
   30    9.41871637e-01 10.96085 16.0952  7.5511  0.2373 38.9794
   31    9.38749416e-01 10.96911 16.0901  7.5497  0.2339 38.9908
   32    9.35528817e-01 10.97723 16.0848  7.5483  0.2303 39.0016
   33    9.32207132e-01 10.98522 16.0795  7.5468  0.2267 39.0120
   34    9.28781608e-01 10.99308 16.0741  7.5453  0.2230 39.0218
   35    9.25249446e-01 11.00083 16.0685  7.5438  0.2192 39.0311
   36    9.21607804e-01 11.00847 16.0629  7.5423  0.2153 39.0399
   37    9.17853798e-01 11.01602 16.0571  7.5407  0.2114 39.0483
   38    9.13984505e-01 11.02347 16.0512  7.5391  0.2074 39.0563
   39    9.09996963e-01 11.03083 16.0452  7.5374  0.2033 39.0638
   40    9.05888177e-01 11.03811 16.0390  7.5357  0.1991 39.0710
   41    9.01655120e-01 11.04532 16.0327  7.5340  0.1948 39.0778
   42    8.97294735e-01 11.05246 16.0263  7.5322  0.1904 39.0842
   43    8.92803943e-01 11.05952 16.0197  7.5304  0.1860 39.0902
   44    8.88179641e-01 11.06653 16.0129  7.5286  0.1814 39.0959
   45    8.83418710e-01 11.07348 16.0061  7.5267  0.1767 39.1013
   46    8.78518021e-01 11.08037 15.9990  7.5247  0.1719 39.1064
   47    8.73474436e-01 11.08721 15.9918  7.5228  0.1670 39.1112
   48    8.68284816e-01 11.09400 15.9844  7.5207  0.1620 39.1156
   49    8.62946029e-01 11.10075 15.9769  7.5187  0.1569 39.1198
   50    8.57454952e-01 11.10745 15.9692  7.5165  0.1516 39.1238
   51    8.51808480e-01 11.11411 15.9613  7.5144  0.1463 39.1274
   52    8.46003537e-01 11.12074 15.9532  7.5121  0.1408 39.1308
   53    8.40037078e-01 11.12733 15.9449  7.5099  0.1351 39.1340
   54    8.33906103e-01 11.13389 15.9364  7.5075  0.1294 39.1370
   55    8.27607663e-01 11.14041 15.9277  7.5051  0.1235 39.1397
   56    8.21138872e-01 11.14691 15.9188  7.5027  0.1174 39.1422
   57    8.14496915e-01 11.15337 15.9097  7.5002  0.1112 39.1446
   58    8.07679063e-01 11.15981 15.9003  7.4976  0.1049 39.1467
   59    8.00682681e-01 11.16623 15.8907  7.4950  0.0984 39.1487
   60    7.93505243e-01 11.17263 15.8809  7.4923  0.0917 39.1505
   61    7.86144345e-01 11.17900 15.8709  7.4895  0.0849 39.1521
   62    7.78597716e-01 11.18535 15.8606  7.4866  0.0779 39.1536
   63    7.70863240e-01 11.19169 15.8500  7.4837  0.0707 39.1550
   64    7.62938961e-01 11.19801 15.8392  7.4807  0.0634 39.1562
   65    7.54823108e-01 11.20431 15.8281  7.4777  0.0559 39.1573
   66    7.46514107e-01 11.21059 15.8167  7.4745  0.0481 39.1583
   67    7.38010602e-01 11.21686 15.8050  7.4713  0.0402 39.1592
   68    7.29311467e-01 11.22312 15.7931  7.4680  0.0321 39.1600
   69    7.20415834e-01 11.22937 15.7808  7.4646  0.0238 39.1607
   70    7.11323102e-01 11.23561 15.7682  7.4611  0.0153 39.1613
   71    7.02032967e-01 11.24183 15.7553  7.4575  0.0065 39.1618
   72    6.92545434e-01 11.24805 15.7421  7.4539 -0.0024 39.1623
   73    6.82860844e-01 11.25425 15.7285  7.4501 -0.0116 39.1627
   74    6.72979893e-01 11.26045 15.7146  7.4463 -0.0211 39.1631
   75    6.62903653e-01 11.26664 15.7003  7.4423 -0.0307 39.1634
   76    6.52633598e-01 11.27283 15.6856  7.4382 -0.0406 39.1637
   77    6.42171620e-01 11.27900 15.6706  7.4341 -0.0508 39.1639
   78    6.31520056e-01 11.28517 15.6551  7.4298 -0.0613 39.1641
   79    6.20681711e-01 11.29134 15.6393  7.4254 -0.0720 39.1643
   80    6.09659875e-01 11.29750 15.6231  7.4208 -0.0829 39.1644
   81    5.98458349e-01 11.30366 15.6064  7.4162 -0.0942 39.1645
   82    5.87081464e-01 11.30981 15.5893  7.4114 -0.1058 39.1646
   83    5.75534102e-01 11.31596 15.5717  7.4065 -0.1176 39.1647
   84    5.63821717e-01 11.32210 15.5537  7.4015 -0.1298 39.1647
   85    5.51950351e-01 11.32824 15.5352  7.3964 -0.1423 39.1648
   86    5.39926651e-01 11.33438 15.5162  7.3911 -0.1551 39.1648
   87    5.27757887e-01 11.34051 15.4967  7.3856 -0.1682 39.1649
   88    5.15451964e-01 11.34664 15.4768  7.3800 -0.1817 39.1649
   89    5.03017433e-01 11.35277 15.4562  7.3743 -0.1956 39.1649
   90    4.90463500e-01 11.35890 15.4352  7.3684 -0.2098 39.1649
   91    4.77800036e-01 11.36502 15.4135  7.3623 -0.2243 39.1649
   92    4.65037575e-01 11.37114 15.3913  7.3561 -0.2393 39.1650
   93    4.52187318e-01 11.37725 15.3685  7.3497 -0.2546 39.1650
   94    4.39261127e-01 11.38337 15.3451  7.3431 -0.2704 39.1650
   95    4.26271522e-01 11.38947 15.3211  7.3363 -0.2865 39.1650
   96    4.13231663e-01 11.39558 15.2964  7.3294 -0.3031 39.1650
   97    4.00155341e-01 11.40168 15.2711  7.3223 -0.3201 39.1650
   98    3.87056950e-01 11.40778 15.2451  7.3149 -0.3376 39.1650
   99    3.73951467e-01 11.41387 15.2184  7.3074 -0.3555 39.1650
  100    3.60854417e-01 11.41996 15.1910  7.2996 -0.3739 39.1650
  101    3.47781837e-01 11.42604 15.1628  7.2916 -0.3928 39.1650
  102    3.34750234e-01 11.43211 15.1339  7.2834 -0.4122 39.1650
  103    3.21776535e-01 11.43818 15.1042  7.2750 -0.4321 39.1650
  104    3.08878034e-01 11.44424 15.0737  7.2663 -0.4526 39.1650
  105    2.96072330e-01 11.45029 15.0424  7.2574 -0.4735 39.1650
  106    2.83377260e-01 11.45633 15.0102  7.2482 -0.4952 39.1650
  107    2.70810826e-01 11.46236 14.9772  7.2389 -0.5176 39.1650
  108    2.58391119e-01 11.46839 14.9432  7.2294 -0.5408 39.1650
  109    2.46136233e-01 11.47442 14.9083  7.2197 -0.5647 39.1650
  110    2.34064173e-01 11.48044 14.8725  7.2098 -0.5895 39.1650
  111    2.22192767e-01 11.48646 14.8356  7.1997 -0.6151 39.1650
  112    2.10539562e-01 11.49248 14.7978  7.1894 -0.6416 39.1650
  113    1.99121725e-01 11.49850 14.7589  7.1788 -0.6690 39.1650
  114    1.87955938e-01 11.50452 14.7190  7.1680 -0.6972 39.1650
  115    1.77058289e-01 11.51054 14.6779  7.1570 -0.7264 39.1650
  116    1.66444168e-01 11.51656 14.6357  7.1457 -0.7565 39.1650
  117    1.56128157e-01 11.52258 14.5924  7.1342 -0.7875 39.1650
  118    1.46123924e-01 11.52861 14.5479  7.1225 -0.8196 39.1650
  119    1.36444120e-01 11.53464 14.5021  7.1104 -0.8526 39.1650
  120    1.27100276e-01 11.54067 14.4551  7.0981 -0.8867 39.1650
  121    1.18102713e-01 11.54670 14.4069  7.0856 -0.9218 39.1650
  122    1.09460447e-01 11.55273 14.3573  7.0727 -0.9580 39.1650
  123    1.01181118e-01 11.55877 14.3064  7.0595 -0.9953 39.1650
  124    9.32709080e-02 11.56480 14.2541  7.0461 -1.0337 39.1650
  125    8.57344907e-02 11.57083 14.2004  7.0323 -1.0733 39.1650
  126    7.85749780e-02 11.57685 14.1453  7.0182 -1.1140 39.1650
  127    7.17938872e-02 11.58287 14.0887  7.0038 -1.1559 39.1650
  128    6.53911207e-02 11.58889 14.0305  6.9890 -1.1990 39.1650
  129    5.93649612e-02 11.59489 13.9709  6.9739 -1.2434 39.1650
  130    5.37120831e-02 11.60089 13.9096  6.9585 -1.2890 39.1650
  131    4.84275799e-02 11.60687 13.8467  6.9427 -1.3360 39.1650
  132    4.35050091e-02 11.61284 13.7822  6.9265 -1.3842 39.1650
  133    3.89364533e-02 11.61879 13.7159  6.9099 -1.4339 39.1650
  134    3.47125976e-02 11.62471 13.6480  6.8929 -1.4849 39.1650
  135    3.08228231e-02 11.63062 13.5782  6.8755 -1.5373 39.1650
  136    2.72553145e-02 11.63649 13.5066  6.8577 -1.5912 39.1650
  137    2.39971818e-02 11.64233 13.4332  6.8395 -1.6466 39.1650
  138    2.10345924e-02 11.64814 13.3578  6.8208 -1.7034 39.1650
  139    1.83529146e-02 11.65390 13.2805  6.8017 -1.7619 39.1650
  140    1.59368679e-02 11.65963 13.2011  6.7821 -1.8219 39.1650
  141    1.37706781e-02 11.66530 13.1197  6.7620 -1.8836 39.1650
  142    1.18382366e-02 11.67092 13.0362  6.7415 -1.9469 39.1650
  143    1.01232581e-02 11.67648 12.9505  6.7204 -2.0120 39.1650
  144    8.60943738e-03 11.68199 12.8625  6.6988 -2.0788 39.1650
  145    7.28059946e-03 11.68742 12.7723  6.6767 -2.1474 39.1650
  146    6.12084300e-03 11.69278 12.6797  6.6541 -2.2179 39.1650
  147    5.11467313e-03 11.69807 12.5847  6.6309 -2.2904 39.1650
  148    4.24712224e-03 11.70328 12.4871  6.6071 -2.3648 39.1650
  149    3.50385664e-03 11.70840 12.3870  6.5827 -2.4412 39.1650
  150    2.87126780e-03 11.71342 12.2842  6.5576 -2.5198 39.1650
  151    2.33654705e-03 11.71836 12.1787  6.5320 -2.6005 39.1650
  152    1.88774309e-03 11.72319 12.0703  6.5057 -2.6835 39.1650
  153    1.51380223e-03 11.72792 11.9591  6.4787 -2.7688 39.1650
  154    1.20459155e-03 11.73253 11.8448  6.4511 -2.8565 39.1650
  155    9.50905713e-04 11.73704 11.7274  6.4227 -2.9467 39.1650
  156    7.44458544e-04 11.74143 11.6067  6.3936 -3.0395 39.1650
  157    5.77860737e-04 11.74570 11.4827  6.3637 -3.1350 39.1650
  158    4.44585454e-04 11.74984 11.3553  6.3330 -3.2332 39.1650
  159    3.38923696e-04 11.75386 11.2242  6.3015 -3.3344 39.1650
  160    2.55931506e-04 11.75775 11.0895  6.2692 -3.4385 39.1650
  161    1.91371092e-04 11.76151 10.9509  6.2360 -3.5458 39.1650
  162    1.41647938e-04 11.76514 10.8083  6.2019 -3.6564 39.1650
  163    1.03745882e-04 11.76863 10.6616  6.1669 -3.7703 39.1650
  164    7.51619602e-05 11.77198 10.5106  6.1308 -3.8877 39.1650
  165    5.38426321e-05 11.77520 10.3551  6.0938 -4.0088 39.1650
  166    3.81227265e-05 11.77828 10.1950  6.0558 -4.1338 39.1650
  167    2.66681962e-05 11.78122 10.0300  6.0166 -4.2627 39.1650
  168    1.84234801e-05 11.78403  9.8601  5.9764 -4.3958 39.1650
  169    1.25640000e-05 11.78670  9.6850  5.9350 -4.5332 39.1650
  170    8.45406646e-06 11.78924  9.5046  5.8924 -4.6751 39.1650
  171    5.61023698e-06 11.79165  9.3185  5.8485 -4.8218 39.1650
  172    3.66998086e-06 11.79392  9.1266  5.8033 -4.9733 39.1650
  173    2.36534930e-06 11.79607  8.9287  5.7568 -5.1301 39.1650
  174    1.50123911e-06 11.79810  8.7244  5.7088 -5.2923 39.1650
  175    9.37764666e-07 11.80000  8.5137  5.6595 -5.4602 39.1650
  176    5.76216116e-07 11.80178  8.2962  5.6086 -5.6343 39.1650
  177    3.48076049e-07 11.80346  8.0716  5.5563 -5.8150 39.1650
  178    2.06586047e-07 11.80502  7.8397  5.5026 -6.0029 39.1650
  179    1.20392039e-07 11.80649  7.6001  5.4474 -6.1989 39.1650
  180    6.88473050e-08 11.80787  7.3526  5.3907 -6.4036 39.1650
  181    3.86083497e-08 11.80917  7.0968  5.3323 -6.6168 39.1650
  182    2.12169685e-08 11.81038  6.8323  5.2712 -6.8360 39.1650
  183    1.14178805e-08 11.81151  6.5588  5.2059 -7.0549 39.1650
  184    6.01269601e-09 11.81252  6.2754  5.1352 -7.2680 39.1650
  185    3.09602810e-09 11.81341  5.9812  5.0599 -7.4811 39.1650
  186    1.76108472e-09 11.81404  5.7291  4.9964 -7.6681 39.1650
  187    1.09020781e-09 11.81453  5.5119  4.9436 -7.8374 39.1650
  188    7.25235427e-10 11.81491  5.3239  4.8995 -7.9914 39.1650
  189    5.12865084e-10 11.81522  5.1600  4.8621 -8.1309 39.1650
  190    3.82031073e-10 11.81548  5.0164  4.8298 -8.2568 39.1650
  191    2.97426750e-10 11.81570  4.8898  4.8016 -8.3700 39.1650
  192    2.40419018e-10 11.81590  4.7776  4.7768 -8.4721 39.1650
  193    2.00641059e-10 11.81606  4.6777  4.7549 -8.5649 39.1650
  194    1.72049264e-10 11.81621  4.5886  4.7357 -8.6506 39.1650
  195    1.50973567e-10 11.81634  4.5089  4.7191 -8.7317 39.1650
  196    1.35102041e-10 11.81646  4.4375  4.7049 -8.8106 39.1650
  197    1.22930111e-10 11.81657  4.3736  4.6931 -8.8896 39.1650
  198    1.13450249e-10 11.81667  4.3165  4.6834 -8.9709 39.1650
  199    1.05969566e-10 11.81677  4.2654  4.6757 -9.0561 39.1650
  200    9.99998973e-11 11.81686  4.2199  4.6696 -9.1468 39.1650
 