    2    9.98776351e-01  9.85681 16.6689  7.4562  1.0632 35.5977
    3    9.97511452e-01  9.96084 16.6633  7.4542  1.0597 35.8686
    4    9.96203968e-01 10.02276 16.6584  7.4524  1.0567 36.0283
    5    9.94852527e-01 10.06749 16.6540  7.4508  1.0540 36.1412
    6    9.93455716e-01 10.10283 16.6498  7.4492  1.0514 36.2282
    7    9.92012082e-01 10.13223 16.6457  7.4477  1.0488 36.2987
    8    9.90520130e-01 10.15753 16.6417  7.4463  1.0464 36.3579
    9    9.88978322e-01 10.17985 16.6378  7.4448  1.0440 36.4087
   10    9.87385079e-01 10.19989 16.6339  7.4434  1.0416 36.4531
   11    9.85738775e-01 10.21813 16.6300  7.4420  1.0392 36.4924
   12    9.84037742e-01 10.23493 16.6262  7.4406  1.0368 36.5276
   13    9.82280263e-01 10.25053 16.6223  7.4392  1.0344 36.5593
   14    9.80464578e-01 10.26513 16.6185  7.4378  1.0320 36.5882
   15    9.78588878e-01 10.27888 16.6146  7.4363  1.0296 36.6147
   16    9.76651308e-01 10.29191 16.6107  7.4349  1.0272 36.6389
   17    9.74649963e-01 10.30430 16.6067  7.4335  1.0248 36.6613
   18    9.72582890e-01 10.31614 16.6027  7.4320  1.0223 36.6821
   19    9.70448085e-01 10.32749 16.5987  7.4305  1.0198 36.7013
   20    9.68243497e-01 10.33841 16.5946  7.4290  1.0173 36.7192
   21    9.65967023e-01 10.34893 16.5905  7.4275  1.0148 36.7359
   22    9.63616508e-01 10.35912 16.5863  7.4259  1.0122 36.7515
   23    9.61189749e-01 10.36898 16.5820  7.4244  1.0095 36.7661
   24    9.58684489e-01 10.37857 16.5777  7.4228  1.0069 36.7797
   25    9.56098421e-01 10.38789 16.5733  7.4212  1.0041 36.7925
   26    9.53429187e-01 10.39698 16.5688  7.4195  1.0014 36.8045
   27    9.50674378e-01 10.40585 16.5642  7.4178  0.9986 36.8157
   28    9.47831532e-01 10.41453 16.5596  7.4161  0.9957 36.8263
   29    9.44898139e-01 10.42302 16.5549  7.4144  0.9928 36.8361
   30    9.41871637e-01 10.43134 16.5501  7.4126  0.9898 36.8454
   31    9.38749416e-01 10.43951 16.5452  7.4108  0.9868 36.8541
   32    9.35528817e-01 10.44753 16.5401  7.4090  0.9837 36.8623
   33    9.32207132e-01 10.45542 16.5350  7.4071  0.9806 36.8699
   34    9.28781608e-01 10.46319 16.5298  7.4051  0.9774 36.8771
   35    9.25249446e-01 10.47083 16.5245  7.4032  0.9741 36.8838
   36    9.21607804e-01 10.47837 16.5191  7.4012  0.9707 36.8900
   37    9.17853798e-01 10.48581 16.5135  7.3991  0.9673 36.8959
   38    9.13984505e-01 10.49315 16.5078  7.3970  0.9638 36.9013
   39    9.09996963e-01 10.50041 16.5020  7.3949  0.9602 36.9064
   40    9.05888177e-01 10.50758 16.4961  7.3927  0.9566 36.9111
   41    9.01655120e-01 10.51467 16.4900  7.3904  0.9529 36.9155
   42    8.97294735e-01 10.52169 16.4839  7.3882  0.9491 36.9195
   43    8.92803943e-01 10.52864 16.4775  7.3858  0.9452 36.9233
   44    8.88179641e-01 10.53552 16.4710  7.3834  0.9412 36.9268
   45    8.83418710e-01 10.54235 16.4644  7.3809  0.9371 36.9300
   46    8.78518021e-01 10.54911 16.4576  7.3784  0.9329 36.9329
   47    8.73474436e-01 10.55582 16.4506  7.3758  0.9286 36.9356
   48    8.68284816e-01 10.56248 16.4435  7.3732  0.9242 36.9381
   49    8.62946029e-01 10.56909 16.4362  7.3705  0.9198 36.9403
   50    8.57454952e-01 10.57566 16.4287  7.3677  0.9152 36.9424
   51    8.51808480e-01 10.58218 16.4211  7.3649  0.9105 36.9442
   52    8.46003537e-01 10.58867 16.4133  7.3619  0.9056 36.9459
   53    8.40037078e-01 10.59511 16.4052  7.3589  0.9007 36.9475
   54    8.33906103e-01 10.60152 16.3970  7.3559  0.8957 36.9488
   55    8.27607663e-01 10.60789 16.3885  7.3527  0.8905 36.9501
   56    8.21138872e-01 10.61423 16.3799  7.3495  0.8852 36.9512
   57    8.14496915e-01 10.62054 16.3710  7.3462  0.8797 36.9522
   58    8.07679063e-01 10.62682 16.3619  7.3428  0.8741 36.9530
   59    8.00682681e-01 10.63307 16.3526  7.3393  0.8684 36.9538
   60    7.93505243e-01 10.63929 16.3430  7.3357  0.8625 36.9545
   61    7.86144345e-01 10.64549 16.3332  7.3320  0.8565 36.9551
   62    7.78597716e-01 10.65167 16.3231  7.3283  0.8503 36.9556
   63    7.70863240e-01 10.65783 16.3128  7.3244  0.8440 36.9561
   64    7.62938961e-01 10.66396 16.3022  7.3204  0.8375 36.9565
   65    7.54823108e-01 10.67008 16.2913  7.3163  0.8308 36.9568
   66    7.46514107e-01 10.67617 16.2801  7.3121  0.8240 36.9571
   67    7.38010602e-01 10.68225 16.2687  7.3078  0.8170 36.9573
   68    7.29311467e-01 10.68831 16.2569  7.3034  0.8097 36.9576
   69    7.20415834e-01 10.69435 16.2448  7.2988  0.8023 36.9577
   70    7.11323102e-01 10.70038 16.2323  7.2942  0.7947 36.9579
   71    7.02032967e-01 10.70640 16.2196  7.2894  0.7869 36.9580
   72    6.92545434e-01 10.71240 16.2065  7.2846  0.7787 36.9582
   73    6.82860844e-01 10.71840 16.1930  7.2797  0.7702 36.9582
   74    6.72979893e-01 10.72438 16.1791  7.2747  0.7615 36.9583
   75    6.62903653e-01 10.73036 16.1649  7.2697  0.7524 36.9584
   76    6.52633598e-01 10.73633 16.1503  7.2646  0.7430 36.9585
   77    6.42171620e-01 10.74230 16.1353  7.2594  0.7333 36.9585
   78    6.31520056e-01 10.74826 16.1198  7.2541  0.7232 36.9586
   79    6.20681711e-01 10.75422 16.1039  7.2488  0.7127 36.9586
   80    6.09659875e-01 10.76019 16.0876  7.2433  0.7019 36.9586
   81    5.98458349e-01 10.76615 16.0708  7.2378  0.6907 36.9586
   82    5.87081464e-01 10.77212 16.0535  7.2322  0.6792 36.9587
   83    5.75534102e-01 10.77810 16.0357  7.2265  0.6672 36.9587
   84    5.63821717e-01 10.78408 16.0175  7.2207  0.6548 36.9587
   85    5.51950351e-01 10.79006 15.9987  7.2148  0.6420 36.9587
   86    5.39926651e-01 10.79606 15.9794  7.2088  0.6287 36.9587
   87    5.27757887e-01 10.80206 15.9595  7.2026  0.6150 36.9588
   88    5.15451964e-01 10.80807 15.9390  7.1964  0.6009 36.9588
   89    5.03017433e-01 10.81410 15.9180  7.1901  0.5862 36.9588
   90    4.90463500e-01 10.82014 15.8964  7.1836  0.5711 36.9588
   91    4.77800036e-01 10.82619 15.8741  7.1770  0.5554 36.9588
   92    4.65037575e-01 10.83226 15.8512  7.1703  0.5393 36.9588
   93    4.52187318e-01 10.83835 15.8277  7.1635  0.5226 36.9588
   94    4.39261127e-01 10.84445 15.8035  7.1566  0.5053 36.9588
   95    4.26271522e-01 10.85057 15.7786  7.1495  0.4875 36.9588
   96    4.13231663e-01 10.85672 15.7529  7.1423  0.4691 36.9588
   97    4.00155341e-01 10.86288 15.7266  7.1349  0.4501 36.9588
   98    3.87056950e-01 10.86906 15.6994  7.1274  0.4305 36.9588
   99    3.73951467e-01 10.87527 15.6715  7.1197  0.4102 36.9588
  100    3.60854417e-01 10.88150 15.6428  7.1119  0.3893 36.9589
  101    3.47781837e-01 10.88775 15.6133  7.1040  0.3678 36.9589
  102    3.34750234e-01 10.89403 15.5830  7.0959  0.3455 36.9589
  103    3.21776535e-01 10.90033 15.5518  7.0876  0.3226 36.9589
  104    3.08878034e-01 10.90667 15.5197  7.0792  0.2989 36.9589
  105    2.96072330e-01 10.91303 15.4867  7.0706  0.2744 36.9589
  106    2.83377260e-01 10.91941 15.4527  7.0618  0.2492 36.9589
  107    2.70810826e-01 10.92575 15.4173  7.0513  0.2244 36.9589
  108    2.58391119e-01 10.93218 15.3814  7.0420  0.1978 36.9589
  109    2.46136233e-01 10.93864 15.3445  7.0325  0.1703 36.9589
  110    2.34064173e-01 10.94513 15.3065  7.0227  0.1420 36.9589
  111    2.22192767e-01 10.95165 15.2674  7.0128  0.1128 36.9589
  112    2.10539562e-01 10.95820 15.2272  7.0027  0.0827 36.9589
  113    1.99121725e-01 10.96477 15.1860  6.9923  0.0518 36.9589
  114    1.87955938e-01 10.97138 15.1435  6.9817  0.0199 36.9589
  115    1.77058289e-01 10.97802 15.0999  6.9708 -0.0129 36.9589
  116    1.66444168e-01 10.98468 15.0551  6.9597 -0.0467 36.9589
  117    1.56128157e-01 10.99138 15.0091  6.9484 -0.0814 36.9589
  118    1.46123924e-01 10.99810 14.9618  6.9368 -0.1172 36.9589
  119    1.36444120e-01 11.00485 14.9132  6.9250 -0.1540 36.9589
  120    1.27100276e-01 11.01162 14.8633  6.9128 -0.1919 36.9589
  121    1.18102713e-01 11.01842 14.8121  6.9004 -0.2308 36.9589
  122    1.09460447e-01 11.02525 14.7595  6.8877 -0.2708 36.9589
  123    1.01181118e-01 11.03209 14.7054  6.8748 -0.3120 36.9589
  124    9.32709080e-02 11.03896 14.6500  6.8615 -0.3543 36.9589
  125    8.57344907e-02 11.04585 14.5930  6.8479 -0.3977 36.9589
  126    7.85749780e-02 11.05276 14.5346  6.8340 -0.4424 36.9589
  127    7.17938872e-02 11.05967 14.4746  6.8198 -0.4883 36.9589
  128    6.53911207e-02 11.06661 14.4130  6.8053 -0.5354 36.9589
  129    5.93649612e-02 11.07355 14.3499  6.7904 -0.5838 36.9589
  130    5.37120831e-02 11.08050 14.2851  6.7752 -0.6335 36.9589
  131    4.84275799e-02 11.08745 14.2187  6.7597 -0.6845 36.9589
  132    4.35050091e-02 11.09440 14.1505  6.7438 -0.7368 36.9589
  133    3.89364533e-02 11.10135 14.0806  6.7275 -0.7906 36.9589
  134    3.47125976e-02 11.10829 14.0089  6.7108 -0.8457 36.9589
  135    3.08228231e-02 11.11522 13.9354  6.6938 -0.9023 36.9589
  136    2.72553145e-02 11.12213 13.8601  6.6763 -0.9604 36.9589
  137    2.39971818e-02 11.12903 13.7828  6.6585 -1.0199 36.9589
  138    2.10345924e-02 11.13589 13.7036  6.6402 -1.0810 36.9589
  139    1.83529146e-02 11.14273 13.6225  6.6216 -1.1436 36.9589
  140    1.59368679e-02 11.14952 13.5393  6.6024 -1.2079 36.9589
  141    1.37706781e-02 11.15628 13.4540  6.5829 -1.2737 36.9589
  142    1.18382366e-02 11.16299 13.3666  6.5629 -1.3413 36.9589
  143    1.01232581e-02 11.16964 13.2770  6.5424 -1.4106 36.9589
  144    8.60943738e-03 11.17624 13.1852  6.5214 -1.4816 36.9589
  145    7.28059946e-03 11.18276 13.0911  6.5000 -1.5544 36.9589
  146    6.12084300e-03 11.18922 12.9947  6.4780 -1.6291 36.9589
  147    5.11467313e-03 11.19559 12.8958  6.4555 -1.7057 36.9589
  148    4.24712224e-03 11.20189 12.7945  6.4325 -1.7842 36.9589
  149    3.50385664e-03 11.20808 12.6906  6.4089 -1.8647 36.9589
  150    2.87126780e-03 11.21418 12.5841  6.3848 -1.9473 36.9589
  151    2.33654705e-03 11.22018 12.4749  6.3600 -2.0321 36.9589
  152    1.88774309e-03 11.22606 12.3629  6.3347 -2.1190 36.9589
  153    1.51380223e-03 11.23183 12.2481  6.3087 -2.2082 36.9589
  154    1.20459155e-03 11.23747 12.1303  6.2821 -2.2997 36.9589
  155    9.50905713e-04 11.24299 12.0094  6.2549 -2.3936 36.9589
  156    7.44458544e-04 11.24837 11.8854  6.2269 -2.4900 36.9589
  157    5.77860737e-04 11.25361 11.7581  6.1982 -2.5890 36.9589
  158    4.44585454e-04 11.25870 11.6274  6.1688 -2.6906 36.9589
  159    3.38923696e-04 11.26365 11.4933  6.1387 -2.7950 36.9589
  160    2.55931506e-04 11.26844 11.3555  6.1077 -2.9022 36.9589
  161    1.91371092e-04 11.27307 11.2140  6.0759 -3.0124 36.9589
  162    1.41647938e-04 11.27754 11.0686  6.0433 -3.1257 36.9589
  163    1.03745882e-04 11.28185 10.9191  6.0098 -3.2422 36.9589
  164    7.51619602e-05 11.28599 10.7655  5.9754 -3.3620 36.9589
  165    5.38426321e-05 11.28996 10.6075  5.9400 -3.4852 36.9589
  166    3.81227265e-05 11.29376 10.4451  5.9037 -3.6119 36.9589
  167    2.66681962e-05 11.29739 10.2779  5.8663 -3.7424 36.9589
  168    1.84234801e-05 11.30084 10.1059  5.8279 -3.8768 36.9589
  169    1.25640000e-05 11.30412  9.9288  5.7884 -4.0152 36.9589
  170    8.45406646e-06 11.30723  9.7465  5.7478 -4.1579 36.9589
  171    5.61023698e-06 11.31017  9.5587  5.7061 -4.3049 36.9589
  172    3.66998086e-06 11.31295  9.3652  5.6632 -4.4567 36.9589
  173    2.36534930e-06 11.31556  9.1657  5.6192 -4.6134 36.9589
  174    1.50123911e-06 11.31801  8.9601  5.5742 -4.7754 36.9589
  175    9.37764666e-07 11.32031  8.7481  5.5283 -4.9432 36.9589
  176    5.76216116e-07 11.32245  8.5294  5.4815 -5.1171 36.9589
  177    3.48076049e-07 11.32446  8.3037  5.4340 -5.2978 36.9589
  178    2.06586047e-07 11.32634  8.0708  5.3856 -5.4854 36.9589
  179    1.20392039e-07 11.32809  7.8303  5.3360 -5.6799 36.9589
  180    6.88473051e-08 11.32972  7.5820  5.2840 -5.8800 36.9589
  181    3.86083499e-08 11.33123  7.3254  5.2277 -6.0834 36.9589
  182    2.12169685e-08 11.33260  7.0602  5.1645 -6.2869 36.9589
  183    1.14178805e-08 11.33382  6.7856  5.0944 -6.4906 36.9589
  184    6.01269579e-09 11.33489  6.5005  5.0211 -6.7015 36.9589
  185    3.09602821e-09 11.33584  6.2029  4.9488 -6.9277 36.9589
  186    1.76108472e-09 11.33655  5.9456  4.8906 -7.1297 36.9589
  187    1.09020770e-09 11.33711  5.7210  4.8422 -7.3096 36.9589
  188    7.25235316e-10 11.33755  5.5225  4.7998 -7.4694 36.9589
  189    5.12865084e-10 11.33792  5.3447  4.7607 -7.6109 36.9589
  190    3.82031073e-10 11.33822  5.1832  4.7227 -7.7353 36.9589
  191    2.97426750e-10 11.33848  5.0340  4.6839 -7.8437 36.9589
  192    2.40419129e-10 11.33870  4.8941  4.6435 -7.9371 36.9589
  193    2.00641059e-10 11.33889  4.7606  4.6020 -8.0197 36.9589
  194    1.72049153e-10 11.33905  4.6307  4.5614 -8.1009 36.9589
  195    1.50973678e-10 11.33920  4.5020  4.5227 -8.1866 36.9589
  196    1.35102041e-10 11.33933  4.3716  4.4863 -8.2786 36.9589
  197    1.22930222e-10 11.33946  4.2359  4.4518 -8.3794 36.9589
  198    1.13450360e-10 11.33959  4.0901  4.4186 -8.4935 36.9589
  199    1.05969566e-10 11.33972  3.9260  4.3865 -8.6295 36.9589
  200    9.99998973e-11 11.33987  3.7282  4.3566 -8.8074 36.9589
 